1 (0.00000,0.00000) 2 2 12
2 (0.00000,0.00000) 3 1 3 13
3 (0.00000,0.00000) 3 2 4 14
4 (0.00000,0.00000) 3 3 5 15
5 (0.00000,0.00000) 3 4 6 16
6 (0.00000,0.00000) 3 5 7 17
7 (0.00000,0.00000) 3 6 8 18
8 (0.00000,0.00000) 3 7 9 19
9 (0.00000,0.00000) 3 8 10 20
10 (0.00000,0.00000) 3 9 11 21
11 (0.00000,0.00000) 2 10 22
12 (0.00000,0.00000) 3 1 23 13
13 (0.00000,0.00000) 4 12 14 2 24
14 (0.00000,0.00000) 4 13 15 3 25
15 (0.00000,0.00000) 4 14 16 4 26
16 (0.00000,0.00000) 4 15 17 5 27
17 (0.00000,0.00000) 4 16 18 6 28
18 (0.00000,0.00000) 4 17 19 7 29
19 (0.00000,0.00000) 4 18 20 8 30
20 (0.00000,0.00000) 4 19 21 9 31
21 (0.00000,0.00000) 4 20 22 10 32
22 (0.00000,0.00000) 3 11 33 21
23 (0.00000,0.00000) 3 12 34 24
24 (0.00000,0.00000) 4 23 25 13 35
25 (0.00000,0.00000) 4 24 26 14 36
26 (0.00000,0.00000) 4 25 27 15 37
27 (0.00000,0.00000) 4 26 28 16 38
28 (0.00000,0.00000) 4 27 29 17 39
29 (0.00000,0.00000) 4 28 30 18 40
30 (0.00000,0.00000) 4 29 31 19 41
31 (0.00000,0.00000) 4 30 32 20 42
32 (0.00000,0.00000) 4 31 33 21 43
33 (0.00000,0.00000) 3 22 44 32
34 (0.00000,0.00000) 3 23 45 35
35 (0.00000,0.00000) 4 34 36 24 46
36 (0.00000,0.00000) 4 35 37 25 47
37 (0.00000,0.00000) 4 36 38 26 48
38 (0.00000,0.00000) 4 37 39 27 49
39 (0.00000,0.00000) 4 38 40 28 50
40 (0.00000,0.00000) 4 39 41 29 51
41 (0.00000,0.00000) 4 40 42 30 52
42 (0.00000,0.00000) 4 41 43 31 53
43 (0.00000,0.00000) 4 42 44 32 54
44 (0.00000,0.00000) 3 33 55 43
45 (0.00000,0.00000) 3 34 56 46
46 (0.00000,0.00000) 4 45 47 35 57
47 (0.00000,0.00000) 4 46 48 36 58
48 (0.00000,0.00000) 4 47 49 37 59
49 (0.00000,0.00000) 4 48 50 38 60
50 (0.00000,0.00000) 4 49 51 39 61
51 (0.00000,0.00000) 4 50 52 40 62
52 (0.00000,0.00000) 4 51 53 41 63
53 (0.00000,0.00000) 4 52 54 42 64
54 (0.00000,0.00000) 4 53 55 43 65
55 (0.00000,0.00000) 3 44 66 54
56 (0.00000,0.00000) 3 45 67 57
57 (0.00000,0.00000) 4 56 58 46 68
58 (0.00000,0.00000) 4 57 59 47 69
59 (0.00000,0.00000) 4 58 60 48 70
60 (0.00000,0.00000) 4 59 61 49 71
61 (0.00000,0.00000) 4 60 62 50 72
62 (0.00000,0.00000) 4 61 63 51 73
63 (0.00000,0.00000) 4 62 64 52 74
64 (0.00000,0.00000) 4 63 65 53 75
65 (0.00000,0.00000) 4 64 66 54 76
66 (0.00000,0.00000) 3 55 77 65
67 (0.00000,0.00000) 3 56 78 68
68 (0.00000,0.00000) 4 67 69 57 79
69 (0.00000,0.00000) 4 68 70 58 80
70 (0.00000,0.00000) 4 69 71 59 81
71 (0.00000,0.00000) 4 70 72 60 82
72 (0.00000,0.00000) 4 71 73 61 83
73 (0.00000,0.00000) 4 72 74 62 84
74 (0.00000,0.00000) 4 73 75 63 85
75 (0.00000,0.00000) 4 74 76 64 86
76 (0.00000,0.00000) 4 75 77 65 87
77 (0.00000,0.00000) 3 66 88 76
78 (0.00000,0.00000) 3 67 89 79
79 (0.00000,0.00000) 4 78 80 68 90
80 (0.00000,0.00000) 4 79 81 69 91
81 (0.00000,0.00000) 4 80 82 70 92
82 (0.00000,0.00000) 4 81 83 71 93
83 (0.00000,0.00000) 4 82 84 72 94
84 (0.00000,0.00000) 4 83 85 73 95
85 (0.00000,0.00000) 4 84 86 74 96
86 (0.00000,0.00000) 4 85 87 75 97
87 (0.00000,0.00000) 4 86 88 76 98
88 (0.00000,0.00000) 3 77 99 87
89 (0.00000,0.00000) 3 78 100 90
90 (0.00000,0.00000) 4 89 91 79 101
91 (0.00000,0.00000) 4 90 92 80 102
92 (0.00000,0.00000) 4 91 93 81 103
93 (0.00000,0.00000) 4 92 94 82 104
94 (0.00000,0.00000) 4 93 95 83 105
95 (0.00000,0.00000) 4 94 96 84 106
96 (0.00000,0.00000) 4 95 97 85 107
97 (0.00000,0.00000) 4 96 98 86 108
98 (0.00000,0.00000) 4 97 99 87 109
99 (0.00000,0.00000) 3 88 110 98
100 (0.00000,0.00000) 3 89 111 101
101 (0.00000,0.00000) 4 100 102 90 112
102 (0.00000,0.00000) 4 101 103 91 113
103 (0.00000,0.00000) 4 102 104 92 114
104 (0.00000,0.00000) 4 103 105 93 115
105 (0.00000,0.00000) 4 104 106 94 116
106 (0.00000,0.00000) 4 105 107 95 117
107 (0.00000,0.00000) 4 106 108 96 118
108 (0.00000,0.00000) 4 107 109 97 119
109 (0.00000,0.00000) 4 108 110 98 120
110 (0.00000,0.00000) 3 99 121 109
111 (0.00000,0.00000) 2 100 112
112 (0.00000,0.00000) 3 111 113 101
113 (0.00000,0.00000) 3 112 114 102
114 (0.00000,0.00000) 3 113 115 103
115 (0.00000,0.00000) 3 114 116 104
116 (0.00000,0.00000) 3 115 117 105
117 (0.00000,0.00000) 3 116 118 106
118 (0.00000,0.00000) 3 117 119 107
119 (0.00000,0.00000) 3 118 120 108
120 (0.00000,0.00000) 3 119 121 109
121 (0.00000,0.00000) 2 110 120
