1 (0.00000,0.00000) 2 2 11
2 (0.00000,0.00000) 3 1 3 12
3 (0.00000,0.00000) 3 2 4 13
4 (0.00000,0.00000) 3 3 5 14
5 (0.00000,0.00000) 3 4 6 15
6 (0.00000,0.00000) 3 5 7 16
7 (0.00000,0.00000) 3 6 8 17
8 (0.00000,0.00000) 3 7 9 18
9 (0.00000,0.00000) 3 8 10 19
10 (0.00000,0.00000) 2 9 20
11 (0.00000,0.00000) 3 1 21 12
12 (0.00000,0.00000) 4 11 13 2 22
13 (0.00000,0.00000) 4 12 14 3 23
14 (0.00000,0.00000) 4 13 15 4 24
15 (0.00000,0.00000) 4 14 16 5 25
16 (0.00000,0.00000) 4 15 17 6 26
17 (0.00000,0.00000) 4 16 18 7 27
18 (0.00000,0.00000) 4 17 19 8 28
19 (0.00000,0.00000) 4 18 20 9 29
20 (0.00000,0.00000) 3 10 30 19
21 (0.00000,0.00000) 3 11 31 22
22 (0.00000,0.00000) 4 21 23 12 32
23 (0.00000,0.00000) 4 22 24 13 33
24 (0.00000,0.00000) 4 23 25 14 34
25 (0.00000,0.00000) 4 24 26 15 35
26 (0.00000,0.00000) 4 25 27 16 36
27 (0.00000,0.00000) 4 26 28 17 37
28 (0.00000,0.00000) 4 27 29 18 38
29 (0.00000,0.00000) 4 28 30 19 39
30 (0.00000,0.00000) 3 20 40 29
31 (0.00000,0.00000) 3 21 41 32
32 (0.00000,0.00000) 4 31 33 22 42
33 (0.00000,0.00000) 4 32 34 23 43
34 (0.00000,0.00000) 4 33 35 24 44
35 (0.00000,0.00000) 4 34 36 25 45
36 (0.00000,0.00000) 4 35 37 26 46
37 (0.00000,0.00000) 4 36 38 27 47
38 (0.00000,0.00000) 4 37 39 28 48
39 (0.00000,0.00000) 4 38 40 29 49
40 (0.00000,0.00000) 3 30 50 39
41 (0.00000,0.00000) 3 31 51 42
42 (0.00000,0.00000) 4 41 43 32 52
43 (0.00000,0.00000) 4 42 44 33 53
44 (0.00000,0.00000) 4 43 45 34 54
45 (0.00000,0.00000) 4 44 46 35 55
46 (0.00000,0.00000) 4 45 47 36 56
47 (0.00000,0.00000) 4 46 48 37 57
48 (0.00000,0.00000) 4 47 49 38 58
49 (0.00000,0.00000) 4 48 50 39 59
50 (0.00000,0.00000) 3 40 60 49
51 (0.00000,0.00000) 3 41 61 52
52 (0.00000,0.00000) 4 51 53 42 62
53 (0.00000,0.00000) 4 52 54 43 63
54 (0.00000,0.00000) 4 53 55 44 64
55 (0.00000,0.00000) 4 54 56 45 65
56 (0.00000,0.00000) 4 55 57 46 66
57 (0.00000,0.00000) 4 56 58 47 67
58 (0.00000,0.00000) 4 57 59 48 68
59 (0.00000,0.00000) 4 58 60 49 69
60 (0.00000,0.00000) 3 50 70 59
61 (0.00000,0.00000) 3 51 71 62
62 (0.00000,0.00000) 4 61 63 52 72
63 (0.00000,0.00000) 4 62 64 53 73
64 (0.00000,0.00000) 4 63 65 54 74
65 (0.00000,0.00000) 4 64 66 55 75
66 (0.00000,0.00000) 4 65 67 56 76
67 (0.00000,0.00000) 4 66 68 57 77
68 (0.00000,0.00000) 4 67 69 58 78
69 (0.00000,0.00000) 4 68 70 59 79
70 (0.00000,0.00000) 3 60 80 69
71 (0.00000,0.00000) 3 61 81 72
72 (0.00000,0.00000) 4 71 73 62 82
73 (0.00000,0.00000) 4 72 74 63 83
74 (0.00000,0.00000) 4 73 75 64 84
75 (0.00000,0.00000) 4 74 76 65 85
76 (0.00000,0.00000) 4 75 77 66 86
77 (0.00000,0.00000) 4 76 78 67 87
78 (0.00000,0.00000) 4 77 79 68 88
79 (0.00000,0.00000) 4 78 80 69 89
80 (0.00000,0.00000) 3 70 90 79
81 (0.00000,0.00000) 3 71 91 82
82 (0.00000,0.00000) 4 81 83 72 92
83 (0.00000,0.00000) 4 82 84 73 93
84 (0.00000,0.00000) 4 83 85 74 94
85 (0.00000,0.00000) 4 84 86 75 95
86 (0.00000,0.00000) 4 85 87 76 96
87 (0.00000,0.00000) 4 86 88 77 97
88 (0.00000,0.00000) 4 87 89 78 98
89 (0.00000,0.00000) 4 88 90 79 99
90 (0.00000,0.00000) 3 80 100 89
91 (0.00000,0.00000) 2 81 92
92 (0.00000,0.00000) 3 91 93 82
93 (0.00000,0.00000) 3 92 94 83
94 (0.00000,0.00000) 3 93 95 84
95 (0.00000,0.00000) 3 94 96 85
96 (0.00000,0.00000) 3 95 97 86
97 (0.00000,0.00000) 3 96 98 87
98 (0.00000,0.00000) 3 97 99 88
99 (0.00000,0.00000) 3 98 100 89
100 (0.00000,0.00000) 2 90 99
