1 (0.00000,0.00000) 3 2 11 101
2 (0.00000,0.00000) 4 1 3 12 102
3 (0.00000,0.00000) 4 2 4 13 103
4 (0.00000,0.00000) 4 3 5 14 104
5 (0.00000,0.00000) 4 4 6 15 105
6 (0.00000,0.00000) 4 5 7 16 106
7 (0.00000,0.00000) 4 6 8 17 107
8 (0.00000,0.00000) 4 7 9 18 108
9 (0.00000,0.00000) 4 8 10 19 109
10 (0.00000,0.00000) 3 9 20 110
11 (0.00000,0.00000) 4 1 21 12 111
12 (0.00000,0.00000) 5 11 13 2 22 112
13 (0.00000,0.00000) 5 12 14 3 23 113
14 (0.00000,0.00000) 5 13 15 4 24 114
15 (0.00000,0.00000) 5 14 16 5 25 115
16 (0.00000,0.00000) 5 15 17 6 26 116
17 (0.00000,0.00000) 5 16 18 7 27 117
18 (0.00000,0.00000) 5 17 19 8 28 118
19 (0.00000,0.00000) 5 18 20 9 29 119
20 (0.00000,0.00000) 4 10 30 19 120
21 (0.00000,0.00000) 4 11 31 22 121
22 (0.00000,0.00000) 5 21 23 12 32 122
23 (0.00000,0.00000) 5 22 24 13 33 123
24 (0.00000,0.00000) 5 23 25 14 34 124
25 (0.00000,0.00000) 5 24 26 15 35 125
26 (0.00000,0.00000) 5 25 27 16 36 126
27 (0.00000,0.00000) 5 26 28 17 37 127
28 (0.00000,0.00000) 5 27 29 18 38 128
29 (0.00000,0.00000) 5 28 30 19 39 129
30 (0.00000,0.00000) 4 20 40 29 130
31 (0.00000,0.00000) 4 21 41 32 131
32 (0.00000,0.00000) 5 31 33 22 42 132
33 (0.00000,0.00000) 5 32 34 23 43 133
34 (0.00000,0.00000) 5 33 35 24 44 134
35 (0.00000,0.00000) 5 34 36 25 45 135
36 (0.00000,0.00000) 5 35 37 26 46 136
37 (0.00000,0.00000) 5 36 38 27 47 137
38 (0.00000,0.00000) 5 37 39 28 48 138
39 (0.00000,0.00000) 5 38 40 29 49 139
40 (0.00000,0.00000) 4 30 50 39 140
41 (0.00000,0.00000) 4 31 51 42 141
42 (0.00000,0.00000) 5 41 43 32 52 142
43 (0.00000,0.00000) 5 42 44 33 53 143
44 (0.00000,0.00000) 5 43 45 34 54 144
45 (0.00000,0.00000) 5 44 46 35 55 145
46 (0.00000,0.00000) 5 45 47 36 56 146
47 (0.00000,0.00000) 5 46 48 37 57 147
48 (0.00000,0.00000) 5 47 49 38 58 148
49 (0.00000,0.00000) 5 48 50 39 59 149
50 (0.00000,0.00000) 4 40 60 49 150
51 (0.00000,0.00000) 4 41 61 52 151
52 (0.00000,0.00000) 5 51 53 42 62 152
53 (0.00000,0.00000) 5 52 54 43 63 153
54 (0.00000,0.00000) 5 53 55 44 64 154
55 (0.00000,0.00000) 5 54 56 45 65 155
56 (0.00000,0.00000) 5 55 57 46 66 156
57 (0.00000,0.00000) 5 56 58 47 67 157
58 (0.00000,0.00000) 5 57 59 48 68 158
59 (0.00000,0.00000) 5 58 60 49 69 159
60 (0.00000,0.00000) 4 50 70 59 160
61 (0.00000,0.00000) 4 51 71 62 161
62 (0.00000,0.00000) 5 61 63 52 72 162
63 (0.00000,0.00000) 5 62 64 53 73 163
64 (0.00000,0.00000) 5 63 65 54 74 164
65 (0.00000,0.00000) 5 64 66 55 75 165
66 (0.00000,0.00000) 5 65 67 56 76 166
67 (0.00000,0.00000) 5 66 68 57 77 167
68 (0.00000,0.00000) 5 67 69 58 78 168
69 (0.00000,0.00000) 5 68 70 59 79 169
70 (0.00000,0.00000) 4 60 80 69 170
71 (0.00000,0.00000) 4 61 81 72 171
72 (0.00000,0.00000) 5 71 73 62 82 172
73 (0.00000,0.00000) 5 72 74 63 83 173
74 (0.00000,0.00000) 5 73 75 64 84 174
75 (0.00000,0.00000) 5 74 76 65 85 175
76 (0.00000,0.00000) 5 75 77 66 86 176
77 (0.00000,0.00000) 5 76 78 67 87 177
78 (0.00000,0.00000) 5 77 79 68 88 178
79 (0.00000,0.00000) 5 78 80 69 89 179
80 (0.00000,0.00000) 4 70 90 79 180
81 (0.00000,0.00000) 4 71 91 82 181
82 (0.00000,0.00000) 5 81 83 72 92 182
83 (0.00000,0.00000) 5 82 84 73 93 183
84 (0.00000,0.00000) 5 83 85 74 94 184
85 (0.00000,0.00000) 5 84 86 75 95 185
86 (0.00000,0.00000) 5 85 87 76 96 186
87 (0.00000,0.00000) 5 86 88 77 97 187
88 (0.00000,0.00000) 5 87 89 78 98 188
89 (0.00000,0.00000) 5 88 90 79 99 189
90 (0.00000,0.00000) 4 80 100 89 190
91 (0.00000,0.00000) 3 81 92 191
92 (0.00000,0.00000) 4 91 93 82 192
93 (0.00000,0.00000) 4 92 94 83 193
94 (0.00000,0.00000) 4 93 95 84 194
95 (0.00000,0.00000) 4 94 96 85 195
96 (0.00000,0.00000) 4 95 97 86 196
97 (0.00000,0.00000) 4 96 98 87 197
98 (0.00000,0.00000) 4 97 99 88 198
99 (0.00000,0.00000) 4 98 100 89 199
100 (0.00000,0.00000) 3 90 99 200
101 (0.00000,0.00000) 4 102 111 1 201
102 (0.00000,0.00000) 5 101 103 112 2 202
103 (0.00000,0.00000) 5 102 104 113 3 203
104 (0.00000,0.00000) 5 103 105 114 4 204
105 (0.00000,0.00000) 5 104 106 115 5 205
106 (0.00000,0.00000) 5 105 107 116 6 206
107 (0.00000,0.00000) 5 106 108 117 7 207
108 (0.00000,0.00000) 5 107 109 118 8 208
109 (0.00000,0.00000) 5 108 110 119 9 209
110 (0.00000,0.00000) 4 109 120 10 210
111 (0.00000,0.00000) 5 101 121 112 11 211
112 (0.00000,0.00000) 6 111 113 102 122 12 212
113 (0.00000,0.00000) 6 112 114 103 123 13 213
114 (0.00000,0.00000) 6 113 115 104 124 14 214
115 (0.00000,0.00000) 6 114 116 105 125 15 215
116 (0.00000,0.00000) 6 115 117 106 126 16 216
117 (0.00000,0.00000) 6 116 118 107 127 17 217
118 (0.00000,0.00000) 6 117 119 108 128 18 218
119 (0.00000,0.00000) 6 118 120 109 129 19 219
120 (0.00000,0.00000) 5 110 130 119 20 220
121 (0.00000,0.00000) 5 111 131 122 21 221
122 (0.00000,0.00000) 6 121 123 112 132 22 222
123 (0.00000,0.00000) 6 122 124 113 133 23 223
124 (0.00000,0.00000) 6 123 125 114 134 24 224
125 (0.00000,0.00000) 6 124 126 115 135 25 225
126 (0.00000,0.00000) 6 125 127 116 136 26 226
127 (0.00000,0.00000) 6 126 128 117 137 27 227
128 (0.00000,0.00000) 6 127 129 118 138 28 228
129 (0.00000,0.00000) 6 128 130 119 139 29 229
130 (0.00000,0.00000) 5 120 140 129 30 230
131 (0.00000,0.00000) 5 121 141 132 31 231
132 (0.00000,0.00000) 6 131 133 122 142 32 232
133 (0.00000,0.00000) 6 132 134 123 143 33 233
134 (0.00000,0.00000) 6 133 135 124 144 34 234
135 (0.00000,0.00000) 6 134 136 125 145 35 235
136 (0.00000,0.00000) 6 135 137 126 146 36 236
137 (0.00000,0.00000) 6 136 138 127 147 37 237
138 (0.00000,0.00000) 6 137 139 128 148 38 238
139 (0.00000,0.00000) 6 138 140 129 149 39 239
140 (0.00000,0.00000) 5 130 150 139 40 240
141 (0.00000,0.00000) 5 131 151 142 41 241
142 (0.00000,0.00000) 6 141 143 132 152 42 242
143 (0.00000,0.00000) 6 142 144 133 153 43 243
144 (0.00000,0.00000) 6 143 145 134 154 44 244
145 (0.00000,0.00000) 6 144 146 135 155 45 245
146 (0.00000,0.00000) 6 145 147 136 156 46 246
147 (0.00000,0.00000) 6 146 148 137 157 47 247
148 (0.00000,0.00000) 6 147 149 138 158 48 248
149 (0.00000,0.00000) 6 148 150 139 159 49 249
150 (0.00000,0.00000) 5 140 160 149 50 250
151 (0.00000,0.00000) 5 141 161 152 51 251
152 (0.00000,0.00000) 6 151 153 142 162 52 252
153 (0.00000,0.00000) 6 152 154 143 163 53 253
154 (0.00000,0.00000) 6 153 155 144 164 54 254
155 (0.00000,0.00000) 6 154 156 145 165 55 255
156 (0.00000,0.00000) 6 155 157 146 166 56 256
157 (0.00000,0.00000) 6 156 158 147 167 57 257
158 (0.00000,0.00000) 6 157 159 148 168 58 258
159 (0.00000,0.00000) 6 158 160 149 169 59 259
160 (0.00000,0.00000) 5 150 170 159 60 260
161 (0.00000,0.00000) 5 151 171 162 61 261
162 (0.00000,0.00000) 6 161 163 152 172 62 262
163 (0.00000,0.00000) 6 162 164 153 173 63 263
164 (0.00000,0.00000) 6 163 165 154 174 64 264
165 (0.00000,0.00000) 6 164 166 155 175 65 265
166 (0.00000,0.00000) 6 165 167 156 176 66 266
167 (0.00000,0.00000) 6 166 168 157 177 67 267
168 (0.00000,0.00000) 6 167 169 158 178 68 268
169 (0.00000,0.00000) 6 168 170 159 179 69 269
170 (0.00000,0.00000) 5 160 180 169 70 270
171 (0.00000,0.00000) 5 161 181 172 71 271
172 (0.00000,0.00000) 6 171 173 162 182 72 272
173 (0.00000,0.00000) 6 172 174 163 183 73 273
174 (0.00000,0.00000) 6 173 175 164 184 74 274
175 (0.00000,0.00000) 6 174 176 165 185 75 275
176 (0.00000,0.00000) 6 175 177 166 186 76 276
177 (0.00000,0.00000) 6 176 178 167 187 77 277
178 (0.00000,0.00000) 6 177 179 168 188 78 278
179 (0.00000,0.00000) 6 178 180 169 189 79 279
180 (0.00000,0.00000) 5 170 190 179 80 280
181 (0.00000,0.00000) 5 171 191 182 81 281
182 (0.00000,0.00000) 6 181 183 172 192 82 282
183 (0.00000,0.00000) 6 182 184 173 193 83 283
184 (0.00000,0.00000) 6 183 185 174 194 84 284
185 (0.00000,0.00000) 6 184 186 175 195 85 285
186 (0.00000,0.00000) 6 185 187 176 196 86 286
187 (0.00000,0.00000) 6 186 188 177 197 87 287
188 (0.00000,0.00000) 6 187 189 178 198 88 288
189 (0.00000,0.00000) 6 188 190 179 199 89 289
190 (0.00000,0.00000) 5 180 200 189 90 290
191 (0.00000,0.00000) 4 181 192 91 291
192 (0.00000,0.00000) 5 191 193 182 92 292
193 (0.00000,0.00000) 5 192 194 183 93 293
194 (0.00000,0.00000) 5 193 195 184 94 294
195 (0.00000,0.00000) 5 194 196 185 95 295
196 (0.00000,0.00000) 5 195 197 186 96 296
197 (0.00000,0.00000) 5 196 198 187 97 297
198 (0.00000,0.00000) 5 197 199 188 98 298
199 (0.00000,0.00000) 5 198 200 189 99 299
200 (0.00000,0.00000) 4 190 199 100 300
201 (0.00000,0.00000) 4 202 211 101 301
202 (0.00000,0.00000) 5 201 203 212 102 302
203 (0.00000,0.00000) 5 202 204 213 103 303
204 (0.00000,0.00000) 5 203 205 214 104 304
205 (0.00000,0.00000) 5 204 206 215 105 305
206 (0.00000,0.00000) 5 205 207 216 106 306
207 (0.00000,0.00000) 5 206 208 217 107 307
208 (0.00000,0.00000) 5 207 209 218 108 308
209 (0.00000,0.00000) 5 208 210 219 109 309
210 (0.00000,0.00000) 4 209 220 110 310
211 (0.00000,0.00000) 5 201 221 212 111 311
212 (0.00000,0.00000) 6 211 213 202 222 112 312
213 (0.00000,0.00000) 6 212 214 203 223 113 313
214 (0.00000,0.00000) 6 213 215 204 224 114 314
215 (0.00000,0.00000) 6 214 216 205 225 115 315
216 (0.00000,0.00000) 6 215 217 206 226 116 316
217 (0.00000,0.00000) 6 216 218 207 227 117 317
218 (0.00000,0.00000) 6 217 219 208 228 118 318
219 (0.00000,0.00000) 6 218 220 209 229 119 319
220 (0.00000,0.00000) 5 210 230 219 120 320
221 (0.00000,0.00000) 5 211 231 222 121 321
222 (0.00000,0.00000) 6 221 223 212 232 122 322
223 (0.00000,0.00000) 6 222 224 213 233 123 323
224 (0.00000,0.00000) 6 223 225 214 234 124 324
225 (0.00000,0.00000) 6 224 226 215 235 125 325
226 (0.00000,0.00000) 6 225 227 216 236 126 326
227 (0.00000,0.00000) 6 226 228 217 237 127 327
228 (0.00000,0.00000) 6 227 229 218 238 128 328
229 (0.00000,0.00000) 6 228 230 219 239 129 329
230 (0.00000,0.00000) 5 220 240 229 130 330
231 (0.00000,0.00000) 5 221 241 232 131 331
232 (0.00000,0.00000) 6 231 233 222 242 132 332
233 (0.00000,0.00000) 6 232 234 223 243 133 333
234 (0.00000,0.00000) 6 233 235 224 244 134 334
235 (0.00000,0.00000) 6 234 236 225 245 135 335
236 (0.00000,0.00000) 6 235 237 226 246 136 336
237 (0.00000,0.00000) 6 236 238 227 247 137 337
238 (0.00000,0.00000) 6 237 239 228 248 138 338
239 (0.00000,0.00000) 6 238 240 229 249 139 339
240 (0.00000,0.00000) 5 230 250 239 140 340
241 (0.00000,0.00000) 5 231 251 242 141 341
242 (0.00000,0.00000) 6 241 243 232 252 142 342
243 (0.00000,0.00000) 6 242 244 233 253 143 343
244 (0.00000,0.00000) 6 243 245 234 254 144 344
245 (0.00000,0.00000) 6 244 246 235 255 145 345
246 (0.00000,0.00000) 6 245 247 236 256 146 346
247 (0.00000,0.00000) 6 246 248 237 257 147 347
248 (0.00000,0.00000) 6 247 249 238 258 148 348
249 (0.00000,0.00000) 6 248 250 239 259 149 349
250 (0.00000,0.00000) 5 240 260 249 150 350
251 (0.00000,0.00000) 5 241 261 252 151 351
252 (0.00000,0.00000) 6 251 253 242 262 152 352
253 (0.00000,0.00000) 6 252 254 243 263 153 353
254 (0.00000,0.00000) 6 253 255 244 264 154 354
255 (0.00000,0.00000) 6 254 256 245 265 155 355
256 (0.00000,0.00000) 6 255 257 246 266 156 356
257 (0.00000,0.00000) 6 256 258 247 267 157 357
258 (0.00000,0.00000) 6 257 259 248 268 158 358
259 (0.00000,0.00000) 6 258 260 249 269 159 359
260 (0.00000,0.00000) 5 250 270 259 160 360
261 (0.00000,0.00000) 5 251 271 262 161 361
262 (0.00000,0.00000) 6 261 263 252 272 162 362
263 (0.00000,0.00000) 6 262 264 253 273 163 363
264 (0.00000,0.00000) 6 263 265 254 274 164 364
265 (0.00000,0.00000) 6 264 266 255 275 165 365
266 (0.00000,0.00000) 6 265 267 256 276 166 366
267 (0.00000,0.00000) 6 266 268 257 277 167 367
268 (0.00000,0.00000) 6 267 269 258 278 168 368
269 (0.00000,0.00000) 6 268 270 259 279 169 369
270 (0.00000,0.00000) 5 260 280 269 170 370
271 (0.00000,0.00000) 5 261 281 272 171 371
272 (0.00000,0.00000) 6 271 273 262 282 172 372
273 (0.00000,0.00000) 6 272 274 263 283 173 373
274 (0.00000,0.00000) 6 273 275 264 284 174 374
275 (0.00000,0.00000) 6 274 276 265 285 175 375
276 (0.00000,0.00000) 6 275 277 266 286 176 376
277 (0.00000,0.00000) 6 276 278 267 287 177 377
278 (0.00000,0.00000) 6 277 279 268 288 178 378
279 (0.00000,0.00000) 6 278 280 269 289 179 379
280 (0.00000,0.00000) 5 270 290 279 180 380
281 (0.00000,0.00000) 5 271 291 282 181 381
282 (0.00000,0.00000) 6 281 283 272 292 182 382
283 (0.00000,0.00000) 6 282 284 273 293 183 383
284 (0.00000,0.00000) 6 283 285 274 294 184 384
285 (0.00000,0.00000) 6 284 286 275 295 185 385
286 (0.00000,0.00000) 6 285 287 276 296 186 386
287 (0.00000,0.00000) 6 286 288 277 297 187 387
288 (0.00000,0.00000) 6 287 289 278 298 188 388
289 (0.00000,0.00000) 6 288 290 279 299 189 389
290 (0.00000,0.00000) 5 280 300 289 190 390
291 (0.00000,0.00000) 4 281 292 191 391
292 (0.00000,0.00000) 5 291 293 282 192 392
293 (0.00000,0.00000) 5 292 294 283 193 393
294 (0.00000,0.00000) 5 293 295 284 194 394
295 (0.00000,0.00000) 5 294 296 285 195 395
296 (0.00000,0.00000) 5 295 297 286 196 396
297 (0.00000,0.00000) 5 296 298 287 197 397
298 (0.00000,0.00000) 5 297 299 288 198 398
299 (0.00000,0.00000) 5 298 300 289 199 399
300 (0.00000,0.00000) 4 290 299 200 400
301 (0.00000,0.00000) 4 302 311 201 401
302 (0.00000,0.00000) 5 301 303 312 202 402
303 (0.00000,0.00000) 5 302 304 313 203 403
304 (0.00000,0.00000) 5 303 305 314 204 404
305 (0.00000,0.00000) 5 304 306 315 205 405
306 (0.00000,0.00000) 5 305 307 316 206 406
307 (0.00000,0.00000) 5 306 308 317 207 407
308 (0.00000,0.00000) 5 307 309 318 208 408
309 (0.00000,0.00000) 5 308 310 319 209 409
310 (0.00000,0.00000) 4 309 320 210 410
311 (0.00000,0.00000) 5 301 321 312 211 411
312 (0.00000,0.00000) 6 311 313 302 322 212 412
313 (0.00000,0.00000) 6 312 314 303 323 213 413
314 (0.00000,0.00000) 6 313 315 304 324 214 414
315 (0.00000,0.00000) 6 314 316 305 325 215 415
316 (0.00000,0.00000) 6 315 317 306 326 216 416
317 (0.00000,0.00000) 6 316 318 307 327 217 417
318 (0.00000,0.00000) 6 317 319 308 328 218 418
319 (0.00000,0.00000) 6 318 320 309 329 219 419
320 (0.00000,0.00000) 5 310 330 319 220 420
321 (0.00000,0.00000) 5 311 331 322 221 421
322 (0.00000,0.00000) 6 321 323 312 332 222 422
323 (0.00000,0.00000) 6 322 324 313 333 223 423
324 (0.00000,0.00000) 6 323 325 314 334 224 424
325 (0.00000,0.00000) 6 324 326 315 335 225 425
326 (0.00000,0.00000) 6 325 327 316 336 226 426
327 (0.00000,0.00000) 6 326 328 317 337 227 427
328 (0.00000,0.00000) 6 327 329 318 338 228 428
329 (0.00000,0.00000) 6 328 330 319 339 229 429
330 (0.00000,0.00000) 5 320 340 329 230 430
331 (0.00000,0.00000) 5 321 341 332 231 431
332 (0.00000,0.00000) 6 331 333 322 342 232 432
333 (0.00000,0.00000) 6 332 334 323 343 233 433
334 (0.00000,0.00000) 6 333 335 324 344 234 434
335 (0.00000,0.00000) 6 334 336 325 345 235 435
336 (0.00000,0.00000) 6 335 337 326 346 236 436
337 (0.00000,0.00000) 6 336 338 327 347 237 437
338 (0.00000,0.00000) 6 337 339 328 348 238 438
339 (0.00000,0.00000) 6 338 340 329 349 239 439
340 (0.00000,0.00000) 5 330 350 339 240 440
341 (0.00000,0.00000) 5 331 351 342 241 441
342 (0.00000,0.00000) 6 341 343 332 352 242 442
343 (0.00000,0.00000) 6 342 344 333 353 243 443
344 (0.00000,0.00000) 6 343 345 334 354 244 444
345 (0.00000,0.00000) 6 344 346 335 355 245 445
346 (0.00000,0.00000) 6 345 347 336 356 246 446
347 (0.00000,0.00000) 6 346 348 337 357 247 447
348 (0.00000,0.00000) 6 347 349 338 358 248 448
349 (0.00000,0.00000) 6 348 350 339 359 249 449
350 (0.00000,0.00000) 5 340 360 349 250 450
351 (0.00000,0.00000) 5 341 361 352 251 451
352 (0.00000,0.00000) 6 351 353 342 362 252 452
353 (0.00000,0.00000) 6 352 354 343 363 253 453
354 (0.00000,0.00000) 6 353 355 344 364 254 454
355 (0.00000,0.00000) 6 354 356 345 365 255 455
356 (0.00000,0.00000) 6 355 357 346 366 256 456
357 (0.00000,0.00000) 6 356 358 347 367 257 457
358 (0.00000,0.00000) 6 357 359 348 368 258 458
359 (0.00000,0.00000) 6 358 360 349 369 259 459
360 (0.00000,0.00000) 5 350 370 359 260 460
361 (0.00000,0.00000) 5 351 371 362 261 461
362 (0.00000,0.00000) 6 361 363 352 372 262 462
363 (0.00000,0.00000) 6 362 364 353 373 263 463
364 (0.00000,0.00000) 6 363 365 354 374 264 464
365 (0.00000,0.00000) 6 364 366 355 375 265 465
366 (0.00000,0.00000) 6 365 367 356 376 266 466
367 (0.00000,0.00000) 6 366 368 357 377 267 467
368 (0.00000,0.00000) 6 367 369 358 378 268 468
369 (0.00000,0.00000) 6 368 370 359 379 269 469
370 (0.00000,0.00000) 5 360 380 369 270 470
371 (0.00000,0.00000) 5 361 381 372 271 471
372 (0.00000,0.00000) 6 371 373 362 382 272 472
373 (0.00000,0.00000) 6 372 374 363 383 273 473
374 (0.00000,0.00000) 6 373 375 364 384 274 474
375 (0.00000,0.00000) 6 374 376 365 385 275 475
376 (0.00000,0.00000) 6 375 377 366 386 276 476
377 (0.00000,0.00000) 6 376 378 367 387 277 477
378 (0.00000,0.00000) 6 377 379 368 388 278 478
379 (0.00000,0.00000) 6 378 380 369 389 279 479
380 (0.00000,0.00000) 5 370 390 379 280 480
381 (0.00000,0.00000) 5 371 391 382 281 481
382 (0.00000,0.00000) 6 381 383 372 392 282 482
383 (0.00000,0.00000) 6 382 384 373 393 283 483
384 (0.00000,0.00000) 6 383 385 374 394 284 484
385 (0.00000,0.00000) 6 384 386 375 395 285 485
386 (0.00000,0.00000) 6 385 387 376 396 286 486
387 (0.00000,0.00000) 6 386 388 377 397 287 487
388 (0.00000,0.00000) 6 387 389 378 398 288 488
389 (0.00000,0.00000) 6 388 390 379 399 289 489
390 (0.00000,0.00000) 5 380 400 389 290 490
391 (0.00000,0.00000) 4 381 392 291 491
392 (0.00000,0.00000) 5 391 393 382 292 492
393 (0.00000,0.00000) 5 392 394 383 293 493
394 (0.00000,0.00000) 5 393 395 384 294 494
395 (0.00000,0.00000) 5 394 396 385 295 495
396 (0.00000,0.00000) 5 395 397 386 296 496
397 (0.00000,0.00000) 5 396 398 387 297 497
398 (0.00000,0.00000) 5 397 399 388 298 498
399 (0.00000,0.00000) 5 398 400 389 299 499
400 (0.00000,0.00000) 4 390 399 300 500
401 (0.00000,0.00000) 4 402 411 301 501
402 (0.00000,0.00000) 5 401 403 412 302 502
403 (0.00000,0.00000) 5 402 404 413 303 503
404 (0.00000,0.00000) 5 403 405 414 304 504
405 (0.00000,0.00000) 5 404 406 415 305 505
406 (0.00000,0.00000) 5 405 407 416 306 506
407 (0.00000,0.00000) 5 406 408 417 307 507
408 (0.00000,0.00000) 5 407 409 418 308 508
409 (0.00000,0.00000) 5 408 410 419 309 509
410 (0.00000,0.00000) 4 409 420 310 510
411 (0.00000,0.00000) 5 401 421 412 311 511
412 (0.00000,0.00000) 6 411 413 402 422 312 512
413 (0.00000,0.00000) 6 412 414 403 423 313 513
414 (0.00000,0.00000) 6 413 415 404 424 314 514
415 (0.00000,0.00000) 6 414 416 405 425 315 515
416 (0.00000,0.00000) 6 415 417 406 426 316 516
417 (0.00000,0.00000) 6 416 418 407 427 317 517
418 (0.00000,0.00000) 6 417 419 408 428 318 518
419 (0.00000,0.00000) 6 418 420 409 429 319 519
420 (0.00000,0.00000) 5 410 430 419 320 520
421 (0.00000,0.00000) 5 411 431 422 321 521
422 (0.00000,0.00000) 6 421 423 412 432 322 522
423 (0.00000,0.00000) 6 422 424 413 433 323 523
424 (0.00000,0.00000) 6 423 425 414 434 324 524
425 (0.00000,0.00000) 6 424 426 415 435 325 525
426 (0.00000,0.00000) 6 425 427 416 436 326 526
427 (0.00000,0.00000) 6 426 428 417 437 327 527
428 (0.00000,0.00000) 6 427 429 418 438 328 528
429 (0.00000,0.00000) 6 428 430 419 439 329 529
430 (0.00000,0.00000) 5 420 440 429 330 530
431 (0.00000,0.00000) 5 421 441 432 331 531
432 (0.00000,0.00000) 6 431 433 422 442 332 532
433 (0.00000,0.00000) 6 432 434 423 443 333 533
434 (0.00000,0.00000) 6 433 435 424 444 334 534
435 (0.00000,0.00000) 6 434 436 425 445 335 535
436 (0.00000,0.00000) 6 435 437 426 446 336 536
437 (0.00000,0.00000) 6 436 438 427 447 337 537
438 (0.00000,0.00000) 6 437 439 428 448 338 538
439 (0.00000,0.00000) 6 438 440 429 449 339 539
440 (0.00000,0.00000) 5 430 450 439 340 540
441 (0.00000,0.00000) 5 431 451 442 341 541
442 (0.00000,0.00000) 6 441 443 432 452 342 542
443 (0.00000,0.00000) 6 442 444 433 453 343 543
444 (0.00000,0.00000) 6 443 445 434 454 344 544
445 (0.00000,0.00000) 6 444 446 435 455 345 545
446 (0.00000,0.00000) 6 445 447 436 456 346 546
447 (0.00000,0.00000) 6 446 448 437 457 347 547
448 (0.00000,0.00000) 6 447 449 438 458 348 548
449 (0.00000,0.00000) 6 448 450 439 459 349 549
450 (0.00000,0.00000) 5 440 460 449 350 550
451 (0.00000,0.00000) 5 441 461 452 351 551
452 (0.00000,0.00000) 6 451 453 442 462 352 552
453 (0.00000,0.00000) 6 452 454 443 463 353 553
454 (0.00000,0.00000) 6 453 455 444 464 354 554
455 (0.00000,0.00000) 6 454 456 445 465 355 555
456 (0.00000,0.00000) 6 455 457 446 466 356 556
457 (0.00000,0.00000) 6 456 458 447 467 357 557
458 (0.00000,0.00000) 6 457 459 448 468 358 558
459 (0.00000,0.00000) 6 458 460 449 469 359 559
460 (0.00000,0.00000) 5 450 470 459 360 560
461 (0.00000,0.00000) 5 451 471 462 361 561
462 (0.00000,0.00000) 6 461 463 452 472 362 562
463 (0.00000,0.00000) 6 462 464 453 473 363 563
464 (0.00000,0.00000) 6 463 465 454 474 364 564
465 (0.00000,0.00000) 6 464 466 455 475 365 565
466 (0.00000,0.00000) 6 465 467 456 476 366 566
467 (0.00000,0.00000) 6 466 468 457 477 367 567
468 (0.00000,0.00000) 6 467 469 458 478 368 568
469 (0.00000,0.00000) 6 468 470 459 479 369 569
470 (0.00000,0.00000) 5 460 480 469 370 570
471 (0.00000,0.00000) 5 461 481 472 371 571
472 (0.00000,0.00000) 6 471 473 462 482 372 572
473 (0.00000,0.00000) 6 472 474 463 483 373 573
474 (0.00000,0.00000) 6 473 475 464 484 374 574
475 (0.00000,0.00000) 6 474 476 465 485 375 575
476 (0.00000,0.00000) 6 475 477 466 486 376 576
477 (0.00000,0.00000) 6 476 478 467 487 377 577
478 (0.00000,0.00000) 6 477 479 468 488 378 578
479 (0.00000,0.00000) 6 478 480 469 489 379 579
480 (0.00000,0.00000) 5 470 490 479 380 580
481 (0.00000,0.00000) 5 471 491 482 381 581
482 (0.00000,0.00000) 6 481 483 472 492 382 582
483 (0.00000,0.00000) 6 482 484 473 493 383 583
484 (0.00000,0.00000) 6 483 485 474 494 384 584
485 (0.00000,0.00000) 6 484 486 475 495 385 585
486 (0.00000,0.00000) 6 485 487 476 496 386 586
487 (0.00000,0.00000) 6 486 488 477 497 387 587
488 (0.00000,0.00000) 6 487 489 478 498 388 588
489 (0.00000,0.00000) 6 488 490 479 499 389 589
490 (0.00000,0.00000) 5 480 500 489 390 590
491 (0.00000,0.00000) 4 481 492 391 591
492 (0.00000,0.00000) 5 491 493 482 392 592
493 (0.00000,0.00000) 5 492 494 483 393 593
494 (0.00000,0.00000) 5 493 495 484 394 594
495 (0.00000,0.00000) 5 494 496 485 395 595
496 (0.00000,0.00000) 5 495 497 486 396 596
497 (0.00000,0.00000) 5 496 498 487 397 597
498 (0.00000,0.00000) 5 497 499 488 398 598
499 (0.00000,0.00000) 5 498 500 489 399 599
500 (0.00000,0.00000) 4 490 499 400 600
501 (0.00000,0.00000) 4 502 511 401 601
502 (0.00000,0.00000) 5 501 503 512 402 602
503 (0.00000,0.00000) 5 502 504 513 403 603
504 (0.00000,0.00000) 5 503 505 514 404 604
505 (0.00000,0.00000) 5 504 506 515 405 605
506 (0.00000,0.00000) 5 505 507 516 406 606
507 (0.00000,0.00000) 5 506 508 517 407 607
508 (0.00000,0.00000) 5 507 509 518 408 608
509 (0.00000,0.00000) 5 508 510 519 409 609
510 (0.00000,0.00000) 4 509 520 410 610
511 (0.00000,0.00000) 5 501 521 512 411 611
512 (0.00000,0.00000) 6 511 513 502 522 412 612
513 (0.00000,0.00000) 6 512 514 503 523 413 613
514 (0.00000,0.00000) 6 513 515 504 524 414 614
515 (0.00000,0.00000) 6 514 516 505 525 415 615
516 (0.00000,0.00000) 6 515 517 506 526 416 616
517 (0.00000,0.00000) 6 516 518 507 527 417 617
518 (0.00000,0.00000) 6 517 519 508 528 418 618
519 (0.00000,0.00000) 6 518 520 509 529 419 619
520 (0.00000,0.00000) 5 510 530 519 420 620
521 (0.00000,0.00000) 5 511 531 522 421 621
522 (0.00000,0.00000) 6 521 523 512 532 422 622
523 (0.00000,0.00000) 6 522 524 513 533 423 623
524 (0.00000,0.00000) 6 523 525 514 534 424 624
525 (0.00000,0.00000) 6 524 526 515 535 425 625
526 (0.00000,0.00000) 6 525 527 516 536 426 626
527 (0.00000,0.00000) 6 526 528 517 537 427 627
528 (0.00000,0.00000) 6 527 529 518 538 428 628
529 (0.00000,0.00000) 6 528 530 519 539 429 629
530 (0.00000,0.00000) 5 520 540 529 430 630
531 (0.00000,0.00000) 5 521 541 532 431 631
532 (0.00000,0.00000) 6 531 533 522 542 432 632
533 (0.00000,0.00000) 6 532 534 523 543 433 633
534 (0.00000,0.00000) 6 533 535 524 544 434 634
535 (0.00000,0.00000) 6 534 536 525 545 435 635
536 (0.00000,0.00000) 6 535 537 526 546 436 636
537 (0.00000,0.00000) 6 536 538 527 547 437 637
538 (0.00000,0.00000) 6 537 539 528 548 438 638
539 (0.00000,0.00000) 6 538 540 529 549 439 639
540 (0.00000,0.00000) 5 530 550 539 440 640
541 (0.00000,0.00000) 5 531 551 542 441 641
542 (0.00000,0.00000) 6 541 543 532 552 442 642
543 (0.00000,0.00000) 6 542 544 533 553 443 643
544 (0.00000,0.00000) 6 543 545 534 554 444 644
545 (0.00000,0.00000) 6 544 546 535 555 445 645
546 (0.00000,0.00000) 6 545 547 536 556 446 646
547 (0.00000,0.00000) 6 546 548 537 557 447 647
548 (0.00000,0.00000) 6 547 549 538 558 448 648
549 (0.00000,0.00000) 6 548 550 539 559 449 649
550 (0.00000,0.00000) 5 540 560 549 450 650
551 (0.00000,0.00000) 5 541 561 552 451 651
552 (0.00000,0.00000) 6 551 553 542 562 452 652
553 (0.00000,0.00000) 6 552 554 543 563 453 653
554 (0.00000,0.00000) 6 553 555 544 564 454 654
555 (0.00000,0.00000) 6 554 556 545 565 455 655
556 (0.00000,0.00000) 6 555 557 546 566 456 656
557 (0.00000,0.00000) 6 556 558 547 567 457 657
558 (0.00000,0.00000) 6 557 559 548 568 458 658
559 (0.00000,0.00000) 6 558 560 549 569 459 659
560 (0.00000,0.00000) 5 550 570 559 460 660
561 (0.00000,0.00000) 5 551 571 562 461 661
562 (0.00000,0.00000) 6 561 563 552 572 462 662
563 (0.00000,0.00000) 6 562 564 553 573 463 663
564 (0.00000,0.00000) 6 563 565 554 574 464 664
565 (0.00000,0.00000) 6 564 566 555 575 465 665
566 (0.00000,0.00000) 6 565 567 556 576 466 666
567 (0.00000,0.00000) 6 566 568 557 577 467 667
568 (0.00000,0.00000) 6 567 569 558 578 468 668
569 (0.00000,0.00000) 6 568 570 559 579 469 669
570 (0.00000,0.00000) 5 560 580 569 470 670
571 (0.00000,0.00000) 5 561 581 572 471 671
572 (0.00000,0.00000) 6 571 573 562 582 472 672
573 (0.00000,0.00000) 6 572 574 563 583 473 673
574 (0.00000,0.00000) 6 573 575 564 584 474 674
575 (0.00000,0.00000) 6 574 576 565 585 475 675
576 (0.00000,0.00000) 6 575 577 566 586 476 676
577 (0.00000,0.00000) 6 576 578 567 587 477 677
578 (0.00000,0.00000) 6 577 579 568 588 478 678
579 (0.00000,0.00000) 6 578 580 569 589 479 679
580 (0.00000,0.00000) 5 570 590 579 480 680
581 (0.00000,0.00000) 5 571 591 582 481 681
582 (0.00000,0.00000) 6 581 583 572 592 482 682
583 (0.00000,0.00000) 6 582 584 573 593 483 683
584 (0.00000,0.00000) 6 583 585 574 594 484 684
585 (0.00000,0.00000) 6 584 586 575 595 485 685
586 (0.00000,0.00000) 6 585 587 576 596 486 686
587 (0.00000,0.00000) 6 586 588 577 597 487 687
588 (0.00000,0.00000) 6 587 589 578 598 488 688
589 (0.00000,0.00000) 6 588 590 579 599 489 689
590 (0.00000,0.00000) 5 580 600 589 490 690
591 (0.00000,0.00000) 4 581 592 491 691
592 (0.00000,0.00000) 5 591 593 582 492 692
593 (0.00000,0.00000) 5 592 594 583 493 693
594 (0.00000,0.00000) 5 593 595 584 494 694
595 (0.00000,0.00000) 5 594 596 585 495 695
596 (0.00000,0.00000) 5 595 597 586 496 696
597 (0.00000,0.00000) 5 596 598 587 497 697
598 (0.00000,0.00000) 5 597 599 588 498 698
599 (0.00000,0.00000) 5 598 600 589 499 699
600 (0.00000,0.00000) 4 590 599 500 700
601 (0.00000,0.00000) 4 602 611 501 701
602 (0.00000,0.00000) 5 601 603 612 502 702
603 (0.00000,0.00000) 5 602 604 613 503 703
604 (0.00000,0.00000) 5 603 605 614 504 704
605 (0.00000,0.00000) 5 604 606 615 505 705
606 (0.00000,0.00000) 5 605 607 616 506 706
607 (0.00000,0.00000) 5 606 608 617 507 707
608 (0.00000,0.00000) 5 607 609 618 508 708
609 (0.00000,0.00000) 5 608 610 619 509 709
610 (0.00000,0.00000) 4 609 620 510 710
611 (0.00000,0.00000) 5 601 621 612 511 711
612 (0.00000,0.00000) 6 611 613 602 622 512 712
613 (0.00000,0.00000) 6 612 614 603 623 513 713
614 (0.00000,0.00000) 6 613 615 604 624 514 714
615 (0.00000,0.00000) 6 614 616 605 625 515 715
616 (0.00000,0.00000) 6 615 617 606 626 516 716
617 (0.00000,0.00000) 6 616 618 607 627 517 717
618 (0.00000,0.00000) 6 617 619 608 628 518 718
619 (0.00000,0.00000) 6 618 620 609 629 519 719
620 (0.00000,0.00000) 5 610 630 619 520 720
621 (0.00000,0.00000) 5 611 631 622 521 721
622 (0.00000,0.00000) 6 621 623 612 632 522 722
623 (0.00000,0.00000) 6 622 624 613 633 523 723
624 (0.00000,0.00000) 6 623 625 614 634 524 724
625 (0.00000,0.00000) 6 624 626 615 635 525 725
626 (0.00000,0.00000) 6 625 627 616 636 526 726
627 (0.00000,0.00000) 6 626 628 617 637 527 727
628 (0.00000,0.00000) 6 627 629 618 638 528 728
629 (0.00000,0.00000) 6 628 630 619 639 529 729
630 (0.00000,0.00000) 5 620 640 629 530 730
631 (0.00000,0.00000) 5 621 641 632 531 731
632 (0.00000,0.00000) 6 631 633 622 642 532 732
633 (0.00000,0.00000) 6 632 634 623 643 533 733
634 (0.00000,0.00000) 6 633 635 624 644 534 734
635 (0.00000,0.00000) 6 634 636 625 645 535 735
636 (0.00000,0.00000) 6 635 637 626 646 536 736
637 (0.00000,0.00000) 6 636 638 627 647 537 737
638 (0.00000,0.00000) 6 637 639 628 648 538 738
639 (0.00000,0.00000) 6 638 640 629 649 539 739
640 (0.00000,0.00000) 5 630 650 639 540 740
641 (0.00000,0.00000) 5 631 651 642 541 741
642 (0.00000,0.00000) 6 641 643 632 652 542 742
643 (0.00000,0.00000) 6 642 644 633 653 543 743
644 (0.00000,0.00000) 6 643 645 634 654 544 744
645 (0.00000,0.00000) 6 644 646 635 655 545 745
646 (0.00000,0.00000) 6 645 647 636 656 546 746
647 (0.00000,0.00000) 6 646 648 637 657 547 747
648 (0.00000,0.00000) 6 647 649 638 658 548 748
649 (0.00000,0.00000) 6 648 650 639 659 549 749
650 (0.00000,0.00000) 5 640 660 649 550 750
651 (0.00000,0.00000) 5 641 661 652 551 751
652 (0.00000,0.00000) 6 651 653 642 662 552 752
653 (0.00000,0.00000) 6 652 654 643 663 553 753
654 (0.00000,0.00000) 6 653 655 644 664 554 754
655 (0.00000,0.00000) 6 654 656 645 665 555 755
656 (0.00000,0.00000) 6 655 657 646 666 556 756
657 (0.00000,0.00000) 6 656 658 647 667 557 757
658 (0.00000,0.00000) 6 657 659 648 668 558 758
659 (0.00000,0.00000) 6 658 660 649 669 559 759
660 (0.00000,0.00000) 5 650 670 659 560 760
661 (0.00000,0.00000) 5 651 671 662 561 761
662 (0.00000,0.00000) 6 661 663 652 672 562 762
663 (0.00000,0.00000) 6 662 664 653 673 563 763
664 (0.00000,0.00000) 6 663 665 654 674 564 764
665 (0.00000,0.00000) 6 664 666 655 675 565 765
666 (0.00000,0.00000) 6 665 667 656 676 566 766
667 (0.00000,0.00000) 6 666 668 657 677 567 767
668 (0.00000,0.00000) 6 667 669 658 678 568 768
669 (0.00000,0.00000) 6 668 670 659 679 569 769
670 (0.00000,0.00000) 5 660 680 669 570 770
671 (0.00000,0.00000) 5 661 681 672 571 771
672 (0.00000,0.00000) 6 671 673 662 682 572 772
673 (0.00000,0.00000) 6 672 674 663 683 573 773
674 (0.00000,0.00000) 6 673 675 664 684 574 774
675 (0.00000,0.00000) 6 674 676 665 685 575 775
676 (0.00000,0.00000) 6 675 677 666 686 576 776
677 (0.00000,0.00000) 6 676 678 667 687 577 777
678 (0.00000,0.00000) 6 677 679 668 688 578 778
679 (0.00000,0.00000) 6 678 680 669 689 579 779
680 (0.00000,0.00000) 5 670 690 679 580 780
681 (0.00000,0.00000) 5 671 691 682 581 781
682 (0.00000,0.00000) 6 681 683 672 692 582 782
683 (0.00000,0.00000) 6 682 684 673 693 583 783
684 (0.00000,0.00000) 6 683 685 674 694 584 784
685 (0.00000,0.00000) 6 684 686 675 695 585 785
686 (0.00000,0.00000) 6 685 687 676 696 586 786
687 (0.00000,0.00000) 6 686 688 677 697 587 787
688 (0.00000,0.00000) 6 687 689 678 698 588 788
689 (0.00000,0.00000) 6 688 690 679 699 589 789
690 (0.00000,0.00000) 5 680 700 689 590 790
691 (0.00000,0.00000) 4 681 692 591 791
692 (0.00000,0.00000) 5 691 693 682 592 792
693 (0.00000,0.00000) 5 692 694 683 593 793
694 (0.00000,0.00000) 5 693 695 684 594 794
695 (0.00000,0.00000) 5 694 696 685 595 795
696 (0.00000,0.00000) 5 695 697 686 596 796
697 (0.00000,0.00000) 5 696 698 687 597 797
698 (0.00000,0.00000) 5 697 699 688 598 798
699 (0.00000,0.00000) 5 698 700 689 599 799
700 (0.00000,0.00000) 4 690 699 600 800
701 (0.00000,0.00000) 4 702 711 601 801
702 (0.00000,0.00000) 5 701 703 712 602 802
703 (0.00000,0.00000) 5 702 704 713 603 803
704 (0.00000,0.00000) 5 703 705 714 604 804
705 (0.00000,0.00000) 5 704 706 715 605 805
706 (0.00000,0.00000) 5 705 707 716 606 806
707 (0.00000,0.00000) 5 706 708 717 607 807
708 (0.00000,0.00000) 5 707 709 718 608 808
709 (0.00000,0.00000) 5 708 710 719 609 809
710 (0.00000,0.00000) 4 709 720 610 810
711 (0.00000,0.00000) 5 701 721 712 611 811
712 (0.00000,0.00000) 6 711 713 702 722 612 812
713 (0.00000,0.00000) 6 712 714 703 723 613 813
714 (0.00000,0.00000) 6 713 715 704 724 614 814
715 (0.00000,0.00000) 6 714 716 705 725 615 815
716 (0.00000,0.00000) 6 715 717 706 726 616 816
717 (0.00000,0.00000) 6 716 718 707 727 617 817
718 (0.00000,0.00000) 6 717 719 708 728 618 818
719 (0.00000,0.00000) 6 718 720 709 729 619 819
720 (0.00000,0.00000) 5 710 730 719 620 820
721 (0.00000,0.00000) 5 711 731 722 621 821
722 (0.00000,0.00000) 6 721 723 712 732 622 822
723 (0.00000,0.00000) 6 722 724 713 733 623 823
724 (0.00000,0.00000) 6 723 725 714 734 624 824
725 (0.00000,0.00000) 6 724 726 715 735 625 825
726 (0.00000,0.00000) 6 725 727 716 736 626 826
727 (0.00000,0.00000) 6 726 728 717 737 627 827
728 (0.00000,0.00000) 6 727 729 718 738 628 828
729 (0.00000,0.00000) 6 728 730 719 739 629 829
730 (0.00000,0.00000) 5 720 740 729 630 830
731 (0.00000,0.00000) 5 721 741 732 631 831
732 (0.00000,0.00000) 6 731 733 722 742 632 832
733 (0.00000,0.00000) 6 732 734 723 743 633 833
734 (0.00000,0.00000) 6 733 735 724 744 634 834
735 (0.00000,0.00000) 6 734 736 725 745 635 835
736 (0.00000,0.00000) 6 735 737 726 746 636 836
737 (0.00000,0.00000) 6 736 738 727 747 637 837
738 (0.00000,0.00000) 6 737 739 728 748 638 838
739 (0.00000,0.00000) 6 738 740 729 749 639 839
740 (0.00000,0.00000) 5 730 750 739 640 840
741 (0.00000,0.00000) 5 731 751 742 641 841
742 (0.00000,0.00000) 6 741 743 732 752 642 842
743 (0.00000,0.00000) 6 742 744 733 753 643 843
744 (0.00000,0.00000) 6 743 745 734 754 644 844
745 (0.00000,0.00000) 6 744 746 735 755 645 845
746 (0.00000,0.00000) 6 745 747 736 756 646 846
747 (0.00000,0.00000) 6 746 748 737 757 647 847
748 (0.00000,0.00000) 6 747 749 738 758 648 848
749 (0.00000,0.00000) 6 748 750 739 759 649 849
750 (0.00000,0.00000) 5 740 760 749 650 850
751 (0.00000,0.00000) 5 741 761 752 651 851
752 (0.00000,0.00000) 6 751 753 742 762 652 852
753 (0.00000,0.00000) 6 752 754 743 763 653 853
754 (0.00000,0.00000) 6 753 755 744 764 654 854
755 (0.00000,0.00000) 6 754 756 745 765 655 855
756 (0.00000,0.00000) 6 755 757 746 766 656 856
757 (0.00000,0.00000) 6 756 758 747 767 657 857
758 (0.00000,0.00000) 6 757 759 748 768 658 858
759 (0.00000,0.00000) 6 758 760 749 769 659 859
760 (0.00000,0.00000) 5 750 770 759 660 860
761 (0.00000,0.00000) 5 751 771 762 661 861
762 (0.00000,0.00000) 6 761 763 752 772 662 862
763 (0.00000,0.00000) 6 762 764 753 773 663 863
764 (0.00000,0.00000) 6 763 765 754 774 664 864
765 (0.00000,0.00000) 6 764 766 755 775 665 865
766 (0.00000,0.00000) 6 765 767 756 776 666 866
767 (0.00000,0.00000) 6 766 768 757 777 667 867
768 (0.00000,0.00000) 6 767 769 758 778 668 868
769 (0.00000,0.00000) 6 768 770 759 779 669 869
770 (0.00000,0.00000) 5 760 780 769 670 870
771 (0.00000,0.00000) 5 761 781 772 671 871
772 (0.00000,0.00000) 6 771 773 762 782 672 872
773 (0.00000,0.00000) 6 772 774 763 783 673 873
774 (0.00000,0.00000) 6 773 775 764 784 674 874
775 (0.00000,0.00000) 6 774 776 765 785 675 875
776 (0.00000,0.00000) 6 775 777 766 786 676 876
777 (0.00000,0.00000) 6 776 778 767 787 677 877
778 (0.00000,0.00000) 6 777 779 768 788 678 878
779 (0.00000,0.00000) 6 778 780 769 789 679 879
780 (0.00000,0.00000) 5 770 790 779 680 880
781 (0.00000,0.00000) 5 771 791 782 681 881
782 (0.00000,0.00000) 6 781 783 772 792 682 882
783 (0.00000,0.00000) 6 782 784 773 793 683 883
784 (0.00000,0.00000) 6 783 785 774 794 684 884
785 (0.00000,0.00000) 6 784 786 775 795 685 885
786 (0.00000,0.00000) 6 785 787 776 796 686 886
787 (0.00000,0.00000) 6 786 788 777 797 687 887
788 (0.00000,0.00000) 6 787 789 778 798 688 888
789 (0.00000,0.00000) 6 788 790 779 799 689 889
790 (0.00000,0.00000) 5 780 800 789 690 890
791 (0.00000,0.00000) 4 781 792 691 891
792 (0.00000,0.00000) 5 791 793 782 692 892
793 (0.00000,0.00000) 5 792 794 783 693 893
794 (0.00000,0.00000) 5 793 795 784 694 894
795 (0.00000,0.00000) 5 794 796 785 695 895
796 (0.00000,0.00000) 5 795 797 786 696 896
797 (0.00000,0.00000) 5 796 798 787 697 897
798 (0.00000,0.00000) 5 797 799 788 698 898
799 (0.00000,0.00000) 5 798 800 789 699 899
800 (0.00000,0.00000) 4 790 799 700 900
801 (0.00000,0.00000) 4 802 811 701 901
802 (0.00000,0.00000) 5 801 803 812 702 902
803 (0.00000,0.00000) 5 802 804 813 703 903
804 (0.00000,0.00000) 5 803 805 814 704 904
805 (0.00000,0.00000) 5 804 806 815 705 905
806 (0.00000,0.00000) 5 805 807 816 706 906
807 (0.00000,0.00000) 5 806 808 817 707 907
808 (0.00000,0.00000) 5 807 809 818 708 908
809 (0.00000,0.00000) 5 808 810 819 709 909
810 (0.00000,0.00000) 4 809 820 710 910
811 (0.00000,0.00000) 5 801 821 812 711 911
812 (0.00000,0.00000) 6 811 813 802 822 712 912
813 (0.00000,0.00000) 6 812 814 803 823 713 913
814 (0.00000,0.00000) 6 813 815 804 824 714 914
815 (0.00000,0.00000) 6 814 816 805 825 715 915
816 (0.00000,0.00000) 6 815 817 806 826 716 916
817 (0.00000,0.00000) 6 816 818 807 827 717 917
818 (0.00000,0.00000) 6 817 819 808 828 718 918
819 (0.00000,0.00000) 6 818 820 809 829 719 919
820 (0.00000,0.00000) 5 810 830 819 720 920
821 (0.00000,0.00000) 5 811 831 822 721 921
822 (0.00000,0.00000) 6 821 823 812 832 722 922
823 (0.00000,0.00000) 6 822 824 813 833 723 923
824 (0.00000,0.00000) 6 823 825 814 834 724 924
825 (0.00000,0.00000) 6 824 826 815 835 725 925
826 (0.00000,0.00000) 6 825 827 816 836 726 926
827 (0.00000,0.00000) 6 826 828 817 837 727 927
828 (0.00000,0.00000) 6 827 829 818 838 728 928
829 (0.00000,0.00000) 6 828 830 819 839 729 929
830 (0.00000,0.00000) 5 820 840 829 730 930
831 (0.00000,0.00000) 5 821 841 832 731 931
832 (0.00000,0.00000) 6 831 833 822 842 732 932
833 (0.00000,0.00000) 6 832 834 823 843 733 933
834 (0.00000,0.00000) 6 833 835 824 844 734 934
835 (0.00000,0.00000) 6 834 836 825 845 735 935
836 (0.00000,0.00000) 6 835 837 826 846 736 936
837 (0.00000,0.00000) 6 836 838 827 847 737 937
838 (0.00000,0.00000) 6 837 839 828 848 738 938
839 (0.00000,0.00000) 6 838 840 829 849 739 939
840 (0.00000,0.00000) 5 830 850 839 740 940
841 (0.00000,0.00000) 5 831 851 842 741 941
842 (0.00000,0.00000) 6 841 843 832 852 742 942
843 (0.00000,0.00000) 6 842 844 833 853 743 943
844 (0.00000,0.00000) 6 843 845 834 854 744 944
845 (0.00000,0.00000) 6 844 846 835 855 745 945
846 (0.00000,0.00000) 6 845 847 836 856 746 946
847 (0.00000,0.00000) 6 846 848 837 857 747 947
848 (0.00000,0.00000) 6 847 849 838 858 748 948
849 (0.00000,0.00000) 6 848 850 839 859 749 949
850 (0.00000,0.00000) 5 840 860 849 750 950
851 (0.00000,0.00000) 5 841 861 852 751 951
852 (0.00000,0.00000) 6 851 853 842 862 752 952
853 (0.00000,0.00000) 6 852 854 843 863 753 953
854 (0.00000,0.00000) 6 853 855 844 864 754 954
855 (0.00000,0.00000) 6 854 856 845 865 755 955
856 (0.00000,0.00000) 6 855 857 846 866 756 956
857 (0.00000,0.00000) 6 856 858 847 867 757 957
858 (0.00000,0.00000) 6 857 859 848 868 758 958
859 (0.00000,0.00000) 6 858 860 849 869 759 959
860 (0.00000,0.00000) 5 850 870 859 760 960
861 (0.00000,0.00000) 5 851 871 862 761 961
862 (0.00000,0.00000) 6 861 863 852 872 762 962
863 (0.00000,0.00000) 6 862 864 853 873 763 963
864 (0.00000,0.00000) 6 863 865 854 874 764 964
865 (0.00000,0.00000) 6 864 866 855 875 765 965
866 (0.00000,0.00000) 6 865 867 856 876 766 966
867 (0.00000,0.00000) 6 866 868 857 877 767 967
868 (0.00000,0.00000) 6 867 869 858 878 768 968
869 (0.00000,0.00000) 6 868 870 859 879 769 969
870 (0.00000,0.00000) 5 860 880 869 770 970
871 (0.00000,0.00000) 5 861 881 872 771 971
872 (0.00000,0.00000) 6 871 873 862 882 772 972
873 (0.00000,0.00000) 6 872 874 863 883 773 973
874 (0.00000,0.00000) 6 873 875 864 884 774 974
875 (0.00000,0.00000) 6 874 876 865 885 775 975
876 (0.00000,0.00000) 6 875 877 866 886 776 976
877 (0.00000,0.00000) 6 876 878 867 887 777 977
878 (0.00000,0.00000) 6 877 879 868 888 778 978
879 (0.00000,0.00000) 6 878 880 869 889 779 979
880 (0.00000,0.00000) 5 870 890 879 780 980
881 (0.00000,0.00000) 5 871 891 882 781 981
882 (0.00000,0.00000) 6 881 883 872 892 782 982
883 (0.00000,0.00000) 6 882 884 873 893 783 983
884 (0.00000,0.00000) 6 883 885 874 894 784 984
885 (0.00000,0.00000) 6 884 886 875 895 785 985
886 (0.00000,0.00000) 6 885 887 876 896 786 986
887 (0.00000,0.00000) 6 886 888 877 897 787 987
888 (0.00000,0.00000) 6 887 889 878 898 788 988
889 (0.00000,0.00000) 6 888 890 879 899 789 989
890 (0.00000,0.00000) 5 880 900 889 790 990
891 (0.00000,0.00000) 4 881 892 791 991
892 (0.00000,0.00000) 5 891 893 882 792 992
893 (0.00000,0.00000) 5 892 894 883 793 993
894 (0.00000,0.00000) 5 893 895 884 794 994
895 (0.00000,0.00000) 5 894 896 885 795 995
896 (0.00000,0.00000) 5 895 897 886 796 996
897 (0.00000,0.00000) 5 896 898 887 797 997
898 (0.00000,0.00000) 5 897 899 888 798 998
899 (0.00000,0.00000) 5 898 900 889 799 999
900 (0.00000,0.00000) 4 890 899 800 1000
901 (0.00000,0.00000) 3 902 911 801
902 (0.00000,0.00000) 4 901 903 912 802
903 (0.00000,0.00000) 4 902 904 913 803
904 (0.00000,0.00000) 4 903 905 914 804
905 (0.00000,0.00000) 4 904 906 915 805
906 (0.00000,0.00000) 4 905 907 916 806
907 (0.00000,0.00000) 4 906 908 917 807
908 (0.00000,0.00000) 4 907 909 918 808
909 (0.00000,0.00000) 4 908 910 919 809
910 (0.00000,0.00000) 3 909 920 810
912 (0.00000,0.00000) 5 911 913 902 922 812
913 (0.00000,0.00000) 5 912 914 903 923 813
914 (0.00000,0.00000) 5 913 915 904 924 814
915 (0.00000,0.00000) 5 914 916 905 925 815
916 (0.00000,0.00000) 5 915 917 906 926 816
917 (0.00000,0.00000) 5 916 918 907 927 817
918 (0.00000,0.00000) 5 917 919 908 928 818
919 (0.00000,0.00000) 5 918 920 909 929 819
920 (0.00000,0.00000) 4 910 930 921 820
922 (0.00000,0.00000) 5 921 923 912 932 822
923 (0.00000,0.00000) 5 922 924 913 933 823
924 (0.00000,0.00000) 5 923 925 914 934 824
925 (0.00000,0.00000) 5 924 926 915 935 825
926 (0.00000,0.00000) 5 925 927 916 936 826
927 (0.00000,0.00000) 5 926 928 917 937 827
928 (0.00000,0.00000) 5 927 929 918 938 828
929 (0.00000,0.00000) 4 919 939 928 829
929 (0.00000,0.00000) 5 928 930 919 939 829
930 (0.00000,0.00000) 4 920 940 931 830
932 (0.00000,0.00000) 5 931 933 922 942 832
933 (0.00000,0.00000) 5 932 934 923 943 833
934 (0.00000,0.00000) 5 933 935 924 944 834
935 (0.00000,0.00000) 5 934 936 925 945 835
936 (0.00000,0.00000) 5 935 937 926 946 836
937 (0.00000,0.00000) 5 936 938 927 947 837
938 (0.00000,0.00000) 5 937 939 928 948 838
939 (0.00000,0.00000) 4 929 949 938 839
939 (0.00000,0.00000) 5 938 940 929 949 839
940 (0.00000,0.00000) 4 930 950 941 840
942 (0.00000,0.00000) 5 941 943 932 952 842
943 (0.00000,0.00000) 5 942 944 933 953 843
944 (0.00000,0.00000) 5 943 945 934 954 844
945 (0.00000,0.00000) 5 944 946 935 955 845
946 (0.00000,0.00000) 5 945 947 936 956 846
947 (0.00000,0.00000) 5 946 948 937 957 847
948 (0.00000,0.00000) 5 947 949 938 958 848
949 (0.00000,0.00000) 4 939 959 948 849
949 (0.00000,0.00000) 5 948 950 939 959 849
950 (0.00000,0.00000) 4 940 960 951 850
952 (0.00000,0.00000) 5 951 953 942 962 852
953 (0.00000,0.00000) 5 952 954 943 963 853
954 (0.00000,0.00000) 5 953 955 944 964 854
955 (0.00000,0.00000) 5 954 956 945 965 855
956 (0.00000,0.00000) 5 955 957 946 966 856
957 (0.00000,0.00000) 5 956 958 947 967 857
958 (0.00000,0.00000) 5 957 959 948 968 858
959 (0.00000,0.00000) 4 949 969 958 859
959 (0.00000,0.00000) 5 958 960 949 969 859
960 (0.00000,0.00000) 4 950 970 961 860
962 (0.00000,0.00000) 5 961 963 952 972 862
963 (0.00000,0.00000) 5 962 964 953 973 863
964 (0.00000,0.00000) 5 963 965 954 974 864
965 (0.00000,0.00000) 5 964 966 955 975 865
966 (0.00000,0.00000) 5 965 967 956 976 866
967 (0.00000,0.00000) 5 966 968 957 977 867
968 (0.00000,0.00000) 5 967 969 958 978 868
969 (0.00000,0.00000) 4 959 979 968 869
969 (0.00000,0.00000) 5 968 970 959 979 869
970 (0.00000,0.00000) 4 960 980 971 870
972 (0.00000,0.00000) 5 971 973 962 982 872
973 (0.00000,0.00000) 5 972 974 963 983 873
974 (0.00000,0.00000) 5 973 975 964 984 874
975 (0.00000,0.00000) 5 974 976 965 985 875
976 (0.00000,0.00000) 5 975 977 966 986 876
977 (0.00000,0.00000) 5 976 978 967 987 877
978 (0.00000,0.00000) 5 977 979 968 988 878
979 (0.00000,0.00000) 4 969 989 978 879
979 (0.00000,0.00000) 5 978 980 969 989 879
980 (0.00000,0.00000) 4 970 990 981 880
982 (0.00000,0.00000) 5 981 983 972 992 882
983 (0.00000,0.00000) 5 982 984 973 993 883
984 (0.00000,0.00000) 5 983 985 974 994 884
985 (0.00000,0.00000) 5 984 986 975 995 885
986 (0.00000,0.00000) 5 985 987 976 996 886
987 (0.00000,0.00000) 5 986 988 977 997 887
988 (0.00000,0.00000) 5 987 989 978 998 888
989 (0.00000,0.00000) 4 979 999 988 889
989 (0.00000,0.00000) 5 988 990 979 999 889
990 (0.00000,0.00000) 4 980 1000 991 890
991 (0.00000,0.00000) 3 981 992 891
992 (0.00000,0.00000) 4 991 993 982 892
993 (0.00000,0.00000) 4 992 994 983 893
994 (0.00000,0.00000) 4 993 995 984 894
995 (0.00000,0.00000) 4 994 996 985 895
996 (0.00000,0.00000) 4 995 997 986 896
997 (0.00000,0.00000) 4 996 998 987 897
998 (0.00000,0.00000) 4 997 999 988 898
999 (0.00000,0.00000) 4 989 1009 998 899
999 (0.00000,0.00000) 4 998 1000 989 899
1000 (0.00000,0.00000) 3 990 999 900
