   1 (0.000000,0.000000)   3  27 116 124
   2 (0.000000,0.000000)   8  55 72 75 76 86 102 114 120
   3 (0.000000,0.000000)   3  12 17 64
   4 (0.000000,0.000000)   9  7 32 41 58 63 88 91 95 122
   5 (0.000000,0.000000)   6  9 11 47 48 85 96
   6 (0.000000,0.000000)   2  10 46
   7 (0.000000,0.000000)   3  4 31 97
   8 (0.000000,0.000000)   4  12 94 109 118
   9 (0.000000,0.000000)   4  5 31 53 100
  10 (0.000000,0.000000)  11  6 18 23 27 28 57 67 98 99 108 122
  11 (0.000000,0.000000)   4  5 66 107 113
  12 (0.000000,0.000000)   5  3 8 61 86 107
  13 (0.000000,0.000000)   3  46 56 108
  14 (0.000000,0.000000)   3  44 84 101
  15 (0.000000,0.000000)   3  41 81 95
  16 (0.000000,0.000000)   6  25 74 82 107 108 121
  17 (0.000000,0.000000)   3  3 42 69
  18 (0.000000,0.000000)   6  10 31 32 45 59 65
  19 (0.000000,0.000000)   6  31 63 65 68 75 98
  20 (0.000000,0.000000)   4  81 97 100 106
  21 (0.000000,0.000000)   2  59 64
  22 (0.000000,0.000000)   4  27 62 83 84
  23 (0.000000,0.000000)   4  10 33 103 115
  24 (0.000000,0.000000)   4  71 78 107 113
  25 (0.000000,0.000000)   9  16 46 61 65 67 73 87 101 122
  26 (0.000000,0.000000)   6  32 43 48 73 87 116
  27 (0.000000,0.000000)   6  1 10 22 30 105 116
  28 (0.000000,0.000000)   2  10 82
  29 (0.000000,0.000000)   5  32 42 49 69 91
  30 (0.000000,0.000000)   5  27 50 55 70 111
  31 (0.000000,0.000000)   8  7 9 18 19 39 74 95 101
  32 (0.000000,0.000000)   8  4 18 26 29 59 84 104 116
  33 (0.000000,0.000000)   7  23 46 55 68 81 86 110
  34 (0.000000,0.000000)   5  38 53 64 75 118
  35 (0.000000,0.000000)   2  86 111
  36 (0.000000,0.000000)   7  43 44 75 99 100 101 115
  37 (0.000000,0.000000)   5  40 45 54 57 82
  38 (0.000000,0.000000)   1  34
  39 (0.000000,0.000000)   3  31 51 80
  40 (0.000000,0.000000)   3  37 46 98
  41 (0.000000,0.000000)   6  4 15 55 81 90 107
  42 (0.000000,0.000000)   6  17 29 63 83 84 101
  43 (0.000000,0.000000)   5  26 36 98 112 118
  44 (0.000000,0.000000)   5  14 36 58 72 102
  45 (0.000000,0.000000)   4  18 37 78 85
  46 (0.000000,0.000000)   8  6 13 25 33 40 70 79 120
  47 (0.000000,0.000000)   6  5 67 87 97 101 104
  48 (0.000000,0.000000)   7  5 26 57 76 95 97 110
  49 (0.000000,0.000000)   3  29 79 102
  50 (0.000000,0.000000)   2  30 118
  51 (0.000000,0.000000)   3  39 70 106
  52 (0.000000,0.000000)   1  117
  53 (0.000000,0.000000)   6  9 34 82 100 103 111
  54 (0.000000,0.000000)   4  37 60 84 91
  55 (0.000000,0.000000)   6  2 30 33 41 63 123
  56 (0.000000,0.000000)   3  13 61 109
  57 (0.000000,0.000000)   3  10 37 48
  58 (0.000000,0.000000)   6  4 44 70 80 86 112
  59 (0.000000,0.000000)   5  18 21 32 68 92
  60 (0.000000,0.000000)   3  54 80 98
  61 (0.000000,0.000000)   4  12 25 56 98
  62 (0.000000,0.000000)   1  22
  63 (0.000000,0.000000)   6  4 19 42 55 89 102
  64 (0.000000,0.000000)   7  3 21 34 89 110 116 120
  65 (0.000000,0.000000)   7  18 19 25 81 99 106 117
  66 (0.000000,0.000000)   5  11 90 95 103 105
  67 (0.000000,0.000000)   4  10 25 47 70
  68 (0.000000,0.000000)   6  19 33 59 101 103 106
  69 (0.000000,0.000000)   5  17 29 86 91 106
  70 (0.000000,0.000000)   8  30 46 51 58 67 74 78 94
  71 (0.000000,0.000000)   3  24 95 107
  72 (0.000000,0.000000)   4  2 44 98 124
  73 (0.000000,0.000000)   5  25 26 111 113 123
  74 (0.000000,0.000000)   6  16 31 70 84 94 121
  75 (0.000000,0.000000)   4  2 19 34 36
  76 (0.000000,0.000000)   3  2 48 106
  77 (0.000000,0.000000)   3  81 98 99
  78 (0.000000,0.000000)   6  24 45 70 91 113 115
  79 (0.000000,0.000000)   4  46 49 95 122
  80 (0.000000,0.000000)   5  39 58 60 90 115
  81 (0.000000,0.000000)  10  15 20 33 41 65 77 92 105 117 120
  82 (0.000000,0.000000)   8  16 28 37 53 110 111 117 123
  83 (0.000000,0.000000)   4  22 42 103 117
  84 (0.000000,0.000000)   7  14 22 32 42 54 74 106
  85 (0.000000,0.000000)   3  5 45 107
  86 (0.000000,0.000000)   7  2 12 33 35 58 69 111
  87 (0.000000,0.000000)   3  25 26 47
  88 (0.000000,0.000000)   4  4 90 96 124
  89 (0.000000,0.000000)   6  63 64 90 91 103 111
  90 (0.000000,0.000000)   8  41 66 80 88 89 91 93 123
  91 (0.000000,0.000000)   8  4 29 54 69 78 89 90 112
  92 (0.000000,0.000000)   5  59 81 114 116 117
  93 (0.000000,0.000000)   3  90 94 104
  94 (0.000000,0.000000)   4  8 70 74 93
  95 (0.000000,0.000000)  10  4 15 31 48 66 71 79 102 105 113
  96 (0.000000,0.000000)   4  5 88 102 113
  97 (0.000000,0.000000)   4  7 20 47 48
  98 (0.000000,0.000000)  11  10 19 40 43 60 61 72 77 110 112 115
  99 (0.000000,0.000000)   6  10 36 65 77 110 116
 100 (0.000000,0.000000)   6  9 20 36 53 111 116
 101 (0.000000,0.000000)   8  14 25 31 36 42 47 68 124
 102 (0.000000,0.000000)   7  2 44 49 63 95 96 103
 103 (0.000000,0.000000)   8  23 53 66 68 83 89 102 106
 104 (0.000000,0.000000)   3  32 47 93
 105 (0.000000,0.000000)   4  27 66 81 95
 106 (0.000000,0.000000)   8  20 51 65 68 69 76 84 103
 107 (0.000000,0.000000)   8  11 12 16 24 41 71 85 123
 108 (0.000000,0.000000)   3  10 13 16
 109 (0.000000,0.000000)   4  8 56 117 123
 110 (0.000000,0.000000)   6  33 48 64 82 98 99
 111 (0.000000,0.000000)   8  30 35 53 73 82 86 89 100
 112 (0.000000,0.000000)   5  43 58 91 98 124
 113 (0.000000,0.000000)   6  11 24 73 78 95 96
 114 (0.000000,0.000000)   3  2 92 123
 115 (0.000000,0.000000)   6  23 36 78 80 98 121
 116 (0.000000,0.000000)  10  1 26 27 32 64 92 99 100 119 123
 117 (0.000000,0.000000)   8  52 65 81 82 83 92 109 119
 118 (0.000000,0.000000)   4  8 34 43 50
 119 (0.000000,0.000000)   2  116 117
 120 (0.000000,0.000000)   4  2 46 64 81
 121 (0.000000,0.000000)   3  16 74 115
 122 (0.000000,0.000000)   4  4 10 25 79
 123 (0.000000,0.000000)   8  55 73 82 90 107 109 114 116
 124 (0.000000,0.000000)   5  1 72 88 101 112
