   1 (0.000000,0.000000)   1  87
   2 (0.000000,0.000000)   2  45 67
   3 (0.000000,0.000000)   1  8
   4 (0.000000,0.000000)   0 
   5 (0.000000,0.000000)   3  69 109 114
   6 (0.000000,0.000000)   2  54 74
   7 (0.000000,0.000000)   1  27
   8 (0.000000,0.000000)   3  3 12 38
   9 (0.000000,0.000000)   2  39 78
  10 (0.000000,0.000000)   6  11 18 37 63 80 85
  11 (0.000000,0.000000)   3  10 106 119
  12 (0.000000,0.000000)   3  8 31 44
  13 (0.000000,0.000000)   0 
  14 (0.000000,0.000000)   2  53 69
  15 (0.000000,0.000000)   0 
  16 (0.000000,0.000000)   3  49 75 121
  17 (0.000000,0.000000)   4  30 41 65 103
  18 (0.000000,0.000000)   2  10 53
  19 (0.000000,0.000000)   1  47
  20 (0.000000,0.000000)   2  63 122
  21 (0.000000,0.000000)   3  43 54 101
  22 (0.000000,0.000000)   1  124
  23 (0.000000,0.000000)   2  114 117
  24 (0.000000,0.000000)   0 
  25 (0.000000,0.000000)   4  45 54 103 106
  26 (0.000000,0.000000)   1  38
  27 (0.000000,0.000000)   3  7 45 74
  28 (0.000000,0.000000)   1  69
  29 (0.000000,0.000000)   1  40
  30 (0.000000,0.000000)   3  17 53 115
  31 (0.000000,0.000000)   2  12 124
  32 (0.000000,0.000000)   1  54
  33 (0.000000,0.000000)   4  43 51 66 104
  34 (0.000000,0.000000)   4  40 98 116 120
  35 (0.000000,0.000000)   5  42 98 110 111 123
  36 (0.000000,0.000000)   2  108 116
  37 (0.000000,0.000000)   3  10 82 83
  38 (0.000000,0.000000)   4  8 26 78 113
  39 (0.000000,0.000000)   5  9 46 86 92 114
  40 (0.000000,0.000000)   3  29 34 114
  41 (0.000000,0.000000)   2  17 51
  42 (0.000000,0.000000)   2  35 63
  43 (0.000000,0.000000)   5  21 33 45 63 91
  44 (0.000000,0.000000)   1  12
  45 (0.000000,0.000000)   6  2 25 27 43 111 114
  46 (0.000000,0.000000)   2  39 51
  47 (0.000000,0.000000)   3  19 59 72
  48 (0.000000,0.000000)   0 
  49 (0.000000,0.000000)   4  16 74 96 123
  50 (0.000000,0.000000)   1  123
  51 (0.000000,0.000000)   3  33 41 46
  52 (0.000000,0.000000)   1  110
  53 (0.000000,0.000000)   5  14 18 30 79 98
  54 (0.000000,0.000000)   6  6 21 25 32 100 112
  55 (0.000000,0.000000)   4  70 75 84 120
  56 (0.000000,0.000000)   0 
  57 (0.000000,0.000000)   3  78 121 124
  58 (0.000000,0.000000)   0 
  59 (0.000000,0.000000)   2  47 101
  60 (0.000000,0.000000)   0 
  61 (0.000000,0.000000)   1  109
  62 (0.000000,0.000000)   1  112
  63 (0.000000,0.000000)   4  10 20 42 43
  64 (0.000000,0.000000)   2  92 106
  65 (0.000000,0.000000)   1  17
  66 (0.000000,0.000000)   2  33 111
  67 (0.000000,0.000000)   3  2 72 81
  68 (0.000000,0.000000)   3  97 118 119
  69 (0.000000,0.000000)   3  5 14 28
  70 (0.000000,0.000000)   3  55 102 121
  71 (0.000000,0.000000)   1  112
  72 (0.000000,0.000000)   2  47 67
  73 (0.000000,0.000000)   0 
  74 (0.000000,0.000000)   5  6 27 49 78 82
  75 (0.000000,0.000000)   3  16 55 112
  76 (0.000000,0.000000)   1  82
  77 (0.000000,0.000000)   1  86
  78 (0.000000,0.000000)   5  9 38 57 74 117
  79 (0.000000,0.000000)   1  53
  80 (0.000000,0.000000)   1  10
  81 (0.000000,0.000000)   1  67
  82 (0.000000,0.000000)   4  37 74 76 110
  83 (0.000000,0.000000)   3  37 96 120
  84 (0.000000,0.000000)   1  55
  85 (0.000000,0.000000)   3  10 93 108
  86 (0.000000,0.000000)   3  39 77 124
  87 (0.000000,0.000000)   5  1 100 102 109 118
  88 (0.000000,0.000000)   0 
  89 (0.000000,0.000000)   1  93
  90 (0.000000,0.000000)   0 
  91 (0.000000,0.000000)   1  43
  92 (0.000000,0.000000)   3  39 64 112
  93 (0.000000,0.000000)   2  85 89
  94 (0.000000,0.000000)   1  109
  95 (0.000000,0.000000)   2  110 120
  96 (0.000000,0.000000)   2  49 83
  97 (0.000000,0.000000)   1  68
  98 (0.000000,0.000000)   3  34 35 53
  99 (0.000000,0.000000)   1  122
 100 (0.000000,0.000000)   2  54 87
 101 (0.000000,0.000000)   2  21 59
 102 (0.000000,0.000000)   3  70 87 120
 103 (0.000000,0.000000)   3  17 25 116
 104 (0.000000,0.000000)   2  33 119
 105 (0.000000,0.000000)   1  115
 106 (0.000000,0.000000)   3  11 25 64
 107 (0.000000,0.000000)   0 
 108 (0.000000,0.000000)   2  36 85
 109 (0.000000,0.000000)   5  5 61 87 94 112
 110 (0.000000,0.000000)   6  35 52 82 95 112 123
 111 (0.000000,0.000000)   3  35 45 66
 112 (0.000000,0.000000)   7  54 62 71 75 92 109 110
 113 (0.000000,0.000000)   1  38
 114 (0.000000,0.000000)   5  5 23 39 40 45
 115 (0.000000,0.000000)   2  30 105
 116 (0.000000,0.000000)   3  34 36 103
 117 (0.000000,0.000000)   2  23 78
 118 (0.000000,0.000000)   2  68 87
 119 (0.000000,0.000000)   3  11 68 104
 120 (0.000000,0.000000)   5  34 55 83 95 102
 121 (0.000000,0.000000)   3  16 57 70
 122 (0.000000,0.000000)   2  20 99
 123 (0.000000,0.000000)   4  35 49 50 110
 124 (0.000000,0.000000)   4  22 31 57 86
