   1 (0.000000,0.000000)   6  11 31 61 84 89 110
   2 (0.000000,0.000000)   5  14 18 34 35 90
   3 (0.000000,0.000000)   5  44 52 83 119 121
   4 (0.000000,0.000000)  10  17 35 56 71 83 91 104 109 113 116
   5 (0.000000,0.000000)   9  16 58 60 82 84 87 89 111 113
   6 (0.000000,0.000000)  12  9 15 37 41 54 55 91 110 112 116 118 124
   7 (0.000000,0.000000)  10  10 32 68 69 71 73 93 94 113 117
   8 (0.000000,0.000000)   6  31 32 34 67 75 108
   9 (0.000000,0.000000)  10  6 22 25 52 86 87 109 116 120 121
  10 (0.000000,0.000000)  10  7 16 20 48 49 56 64 70 87 111
  11 (0.000000,0.000000)  12  1 13 20 24 25 30 41 53 82 83 87 90
  12 (0.000000,0.000000)   9  53 54 57 72 83 97 100 105 109
  13 (0.000000,0.000000)  10  11 17 29 33 51 79 85 108 114 118
  14 (0.000000,0.000000)  12  2 26 30 34 42 67 69 72 96 99 110 115
  15 (0.000000,0.000000)  11  6 20 36 38 61 65 71 74 103 104 115
  16 (0.000000,0.000000)  12  5 10 18 34 47 57 66 72 101 105 119 120
  17 (0.000000,0.000000)  11  4 13 37 40 54 58 64 65 72 83 96
  18 (0.000000,0.000000)  14  2 16 24 34 46 58 62 67 77 99 101 106 115 123
  19 (0.000000,0.000000)  14  38 42 46 56 58 84 85 87 92 111 119 121 122 123
  20 (0.000000,0.000000)  15  10 11 15 27 39 49 76 77 79 102 109 111 114 120 121
  21 (0.000000,0.000000)   5  22 39 58 66 76
  22 (0.000000,0.000000)  13  9 21 27 45 47 73 82 98 99 108 114 117 121
  23 (0.000000,0.000000)   4  42 48 97 113
  24 (0.000000,0.000000)  10  11 18 28 31 66 78 87 108 110 120
  25 (0.000000,0.000000)  10  9 11 33 44 51 81 87 108 110 113
  26 (0.000000,0.000000)   7  14 34 64 80 82 85 120
  27 (0.000000,0.000000)   6  20 22 32 42 99 110
  28 (0.000000,0.000000)   5  24 40 74 108 117
  29 (0.000000,0.000000)   9  13 40 63 64 76 85 97 104 122
  30 (0.000000,0.000000)  14  11 14 31 37 38 40 61 65 70 71 75 90 102 112
  31 (0.000000,0.000000)  11  1 8 24 30 42 47 76 77 88 89 91
  32 (0.000000,0.000000)  11  7 8 27 37 63 64 67 75 78 83 115
  33 (0.000000,0.000000)  10  13 25 59 63 82 96 99 110 112 122
  34 (0.000000,0.000000)  17  2 8 14 16 18 26 38 49 54 70 73 87 92 99 102 115 117
  35 (0.000000,0.000000)  13  2 4 37 55 58 61 64 69 91 102 105 113 122
  36 (0.000000,0.000000)  10  15 38 39 47 61 68 85 90 98 105
  37 (0.000000,0.000000)  18  6 17 30 32 35 49 52 55 58 70 92 97 108 113 114 118 119 120
  38 (0.000000,0.000000)  17  15 19 30 34 36 42 54 56 73 78 80 99 103 104 111 114 116
  39 (0.000000,0.000000)  13  20 21 36 46 54 72 78 81 83 88 105 106 119
  40 (0.000000,0.000000)  10  17 28 29 30 52 53 77 78 98 113
  41 (0.000000,0.000000)  10  6 11 53 56 85 91 104 107 110 114
  42 (0.000000,0.000000)  11  14 19 23 27 31 38 48 78 95 116 118
  43 (0.000000,0.000000)   4  52 59 73 92
  44 (0.000000,0.000000)   5  3 25 54 78 96
  45 (0.000000,0.000000)  10  22 47 49 62 79 91 103 118 119 123
  46 (0.000000,0.000000)   9  18 19 39 47 64 77 81 104 117
  47 (0.000000,0.000000)  11  16 22 31 36 45 46 81 93 98 107 112
  48 (0.000000,0.000000)   7  10 23 42 61 80 93 112
  49 (0.000000,0.000000)   9  10 20 34 37 45 52 70 102 117
  50 (0.000000,0.000000)  10  57 64 72 78 86 101 109 113 115 122
  51 (0.000000,0.000000)  10  13 25 66 71 72 90 102 110 116 121
  52 (0.000000,0.000000)  14  3 9 37 40 43 49 57 63 66 69 77 88 99 112
  53 (0.000000,0.000000)  10  11 12 40 41 54 66 74 96 107 124
  54 (0.000000,0.000000)  10  6 12 17 34 38 39 44 53 66 98
  55 (0.000000,0.000000)   8  6 35 37 57 64 72 99 115
  56 (0.000000,0.000000)   6  4 10 19 38 41 57
  57 (0.000000,0.000000)  11  12 16 50 52 55 56 60 85 103 106 109
  58 (0.000000,0.000000)  14  5 17 18 19 21 35 37 68 78 97 101 112 117 119
  59 (0.000000,0.000000)   8  33 43 62 83 91 99 100 109
  60 (0.000000,0.000000)   9  5 57 78 80 91 96 119 121 124
  61 (0.000000,0.000000)  14  1 15 30 35 36 48 69 85 88 109 111 112 117 118
  62 (0.000000,0.000000)   7  18 45 59 82 83 106 107
  63 (0.000000,0.000000)   8  29 32 33 52 78 96 99 107
  64 (0.000000,0.000000)  11  10 17 26 29 32 35 46 50 55 112 116
  65 (0.000000,0.000000)   7  15 17 30 68 99 109 123
  66 (0.000000,0.000000)   8  16 21 24 51 52 53 54 98
  67 (0.000000,0.000000)   8  8 14 18 32 84 88 101 111
  68 (0.000000,0.000000)   8  7 36 58 65 76 95 99 102
  69 (0.000000,0.000000)   9  7 14 35 52 61 74 102 109 118
  70 (0.000000,0.000000)   8  10 30 34 37 49 103 104 108
  71 (0.000000,0.000000)   7  4 7 15 30 51 91 122
  72 (0.000000,0.000000)  16  12 14 16 17 39 50 51 55 80 89 90 100 107 109 111 116
  73 (0.000000,0.000000)   7  7 22 34 38 43 80 110
  74 (0.000000,0.000000)   8  15 28 53 69 82 83 104 109
  75 (0.000000,0.000000)   6  8 30 32 80 90 114
  76 (0.000000,0.000000)   7  20 21 29 31 68 100 123
  77 (0.000000,0.000000)   9  18 20 31 40 46 52 88 91 117
  78 (0.000000,0.000000)  16  24 32 38 39 40 42 44 50 58 60 63 84 90 115 119 124
  79 (0.000000,0.000000)   9  13 20 45 89 93 104 105 114 122
  80 (0.000000,0.000000)   9  26 38 48 60 72 73 75 88 112
  81 (0.000000,0.000000)   7  25 39 46 47 84 101 108
  82 (0.000000,0.000000)  10  5 11 22 26 33 62 74 95 105 121
  83 (0.000000,0.000000)  18  3 4 11 12 17 32 39 59 62 74 95 96 97 112 115 116 118 122
  84 (0.000000,0.000000)  10  1 5 19 67 78 81 88 91 99 102
  85 (0.000000,0.000000)   9  13 19 26 29 36 41 57 61 107
  86 (0.000000,0.000000)   2  9 50
  87 (0.000000,0.000000)  14  5 9 10 11 19 24 25 34 92 96 105 109 115 121
  88 (0.000000,0.000000)  13  31 39 52 61 67 77 80 84 93 110 111 112 122
  89 (0.000000,0.000000)   9  1 5 31 72 79 97 98 108 121
  90 (0.000000,0.000000)  10  2 11 30 36 51 72 75 78 110 112
  91 (0.000000,0.000000)  16  4 6 31 35 41 45 59 60 71 77 84 94 100 105 119 122
  92 (0.000000,0.000000)   6  19 34 37 43 87 100
  93 (0.000000,0.000000)   6  7 47 48 79 88 122
  94 (0.000000,0.000000)   5  7 91 98 100 109
  95 (0.000000,0.000000)   6  42 68 82 83 113 121
  96 (0.000000,0.000000)  12  14 17 33 44 53 60 63 83 87 106 109 123
  97 (0.000000,0.000000)   8  12 23 29 37 58 83 89 109
  98 (0.000000,0.000000)  11  22 36 40 47 54 66 89 94 103 114 119
  99 (0.000000,0.000000)  20  14 18 22 27 33 34 38 52 55 59 63 65 68 84 100 103 105 107 110 120
 100 (0.000000,0.000000)  10  12 59 72 76 91 92 94 99 101 119
 101 (0.000000,0.000000)   8  16 18 50 58 67 81 100 112
 102 (0.000000,0.000000)  10  20 30 34 35 49 51 68 69 84 116
 103 (0.000000,0.000000)   7  15 38 45 57 70 98 99
 104 (0.000000,0.000000)  10  4 15 29 38 41 46 70 74 79 114
 105 (0.000000,0.000000)  12  12 16 35 36 39 79 82 87 91 99 107 113
 106 (0.000000,0.000000)   5  18 39 57 62 96
 107 (0.000000,0.000000)   9  41 47 53 62 63 72 85 99 105
 108 (0.000000,0.000000)  14  8 13 22 24 25 28 37 70 81 89 112 113 118 121
 109 (0.000000,0.000000)  17  4 9 12 20 50 57 59 61 65 69 72 74 87 94 96 97 114
 110 (0.000000,0.000000)  13  1 6 14 24 25 27 33 41 51 73 88 90 99
 111 (0.000000,0.000000)  11  5 10 19 20 38 61 67 72 88 116 118
 112 (0.000000,0.000000)  16  6 30 33 47 48 52 58 61 64 80 83 88 90 101 108 115
 113 (0.000000,0.000000)  12  4 5 7 23 25 35 37 40 50 95 105 108
 114 (0.000000,0.000000)  12  13 20 22 37 38 41 75 79 98 104 109 117
 115 (0.000000,0.000000)  11  14 15 18 32 34 50 55 78 83 87 112
 116 (0.000000,0.000000)  12  4 6 9 38 42 51 64 72 83 102 111 122
 117 (0.000000,0.000000)  10  7 22 28 34 46 49 58 61 77 114
 118 (0.000000,0.000000)  10  6 13 37 42 45 61 69 83 108 111
 119 (0.000000,0.000000)  12  3 16 19 37 39 45 58 60 78 91 98 100
 120 (0.000000,0.000000)   7  9 16 20 24 26 37 99
 121 (0.000000,0.000000)  12  3 9 19 20 22 51 60 82 87 89 95 108
 122 (0.000000,0.000000)  12  19 29 33 35 50 71 79 83 88 91 93 116
 123 (0.000000,0.000000)   7  18 19 45 65 76 96 124
 124 (0.000000,0.000000)   5  6 53 60 78 123
