   1 (0.000000,0.000000)   5  30 80 84 209 245
   2 (0.000000,0.000000)  14  4 19 37 51 82 85 95 106 133 139 165 203 222 245
   3 (0.000000,0.000000)  11  52 63 86 101 146 157 189 194 197 202 215
   4 (0.000000,0.000000)  14  2 9 40 58 64 83 93 124 148 173 181 214 222 239
   5 (0.000000,0.000000)  12  17 34 49 56 62 156 170 179 188 223 226 231
   6 (0.000000,0.000000)   8  37 151 153 154 191 198 215 219
   7 (0.000000,0.000000)  14  10 50 81 90 95 113 134 138 154 163 211 213 224 226
   8 (0.000000,0.000000)   8  23 81 96 100 113 124 158 232
   9 (0.000000,0.000000)   8  4 110 115 175 210 227 233 249
  10 (0.000000,0.000000)  12  7 21 67 96 98 101 105 119 161 164 176 240
  11 (0.000000,0.000000)   5  21 83 140 201 202
  12 (0.000000,0.000000)  14  50 62 63 68 119 150 169 176 194 199 217 225 234 249
  13 (0.000000,0.000000)  11  49 50 59 88 90 92 114 162 164 213 220
  14 (0.000000,0.000000)  11  27 60 133 139 142 144 169 179 181 193 202
  15 (0.000000,0.000000)   7  33 91 138 183 202 239 247
  16 (0.000000,0.000000)   7  56 119 156 161 224 240 244
  17 (0.000000,0.000000)  15  5 42 59 103 121 130 131 165 193 216 225 228 232 244 250
  18 (0.000000,0.000000)  13  38 44 66 98 106 114 120 135 140 142 202 212 249
  19 (0.000000,0.000000)  13  2 30 34 50 62 70 88 112 140 143 146 167 222
  20 (0.000000,0.000000)   9  38 116 124 149 197 209 236 244 247
  21 (0.000000,0.000000)   8  10 11 64 87 146 200 201 235
  22 (0.000000,0.000000)   3  53 109 203
  23 (0.000000,0.000000)  12  8 28 36 67 81 89 91 100 144 149 188 197
  24 (0.000000,0.000000)   6  44 100 153 158 168 242
  25 (0.000000,0.000000)   9  51 68 105 145 146 155 195 224 225
  26 (0.000000,0.000000)   7  66 76 129 140 169 200 224
  27 (0.000000,0.000000)  14  14 33 58 77 86 134 138 151 163 181 190 221 245 247
  28 (0.000000,0.000000)   3  23 81 185
  29 (0.000000,0.000000)   7  88 99 128 154 165 220 238
  30 (0.000000,0.000000)  11  1 19 57 62 78 88 122 126 156 170 226
  31 (0.000000,0.000000)   8  54 91 138 182 185 231 232 247
  32 (0.000000,0.000000)  10  36 66 77 80 84 102 104 119 208 244
  33 (0.000000,0.000000)  14  15 27 35 48 49 55 140 156 170 197 202 227 249 250
  34 (0.000000,0.000000)  10  5 19 39 73 125 128 185 192 231 234
  35 (0.000000,0.000000)  10  33 43 45 70 84 92 129 136 172 183
  36 (0.000000,0.000000)   9  23 32 55 58 72 89 100 124 227
  37 (0.000000,0.000000)   7  2 6 72 128 129 188 229
  38 (0.000000,0.000000)  12  18 20 53 60 95 120 143 209 228 236 239 243
  39 (0.000000,0.000000)   8  34 74 82 87 89 111 117 208
  40 (0.000000,0.000000)  11  4 43 53 56 59 110 145 154 188 227 230
  41 (0.000000,0.000000)   8  80 81 82 99 128 147 202 242
  42 (0.000000,0.000000)  11  17 44 58 79 87 100 120 141 153 195 213
  43 (0.000000,0.000000)  11  35 40 51 60 70 85 96 111 141 148 230
  44 (0.000000,0.000000)  12  18 24 42 68 83 105 124 137 178 195 240 243
  45 (0.000000,0.000000)   5  35 55 115 165 186
  46 (0.000000,0.000000)   6  65 74 119 121 134 199
  47 (0.000000,0.000000)   4  101 114 185 196
  48 (0.000000,0.000000)  12  33 59 64 66 96 112 141 147 165 182 216 245
  49 (0.000000,0.000000)  13  5 13 33 53 111 138 143 156 172 203 220 227 243
  50 (0.000000,0.000000)  17  7 12 13 19 56 68 92 102 119 127 137 140 160 169 172 206 232
  51 (0.000000,0.000000)  12  2 25 43 135 145 153 164 170 171 185 222 234
  52 (0.000000,0.000000)  11  3 68 93 116 162 175 180 181 190 237 244
  53 (0.000000,0.000000)   8  22 38 40 49 131 174 184 214
  54 (0.000000,0.000000)  10  31 71 78 82 125 156 168 180 196 203
  55 (0.000000,0.000000)  12  33 36 45 58 90 109 117 136 142 152 196 250
  56 (0.000000,0.000000)  10  5 16 40 50 100 110 148 181 221 229
  57 (0.000000,0.000000)   8  30 64 101 104 146 147 172 186
  58 (0.000000,0.000000)  17  4 27 36 42 55 59 70 81 85 120 121 125 140 141 143 166 218
  59 (0.000000,0.000000)  10  13 17 40 48 58 78 160 199 226 231
  60 (0.000000,0.000000)   7  14 38 43 73 158 209 217
  61 (0.000000,0.000000)  12  82 118 124 170 174 188 215 219 220 233 235 243
  62 (0.000000,0.000000)  10  5 12 19 30 72 96 121 165 179 245
  63 (0.000000,0.000000)   6  3 12 65 106 203 216
  64 (0.000000,0.000000)  11  4 21 48 57 91 97 125 134 227 230 246
  65 (0.000000,0.000000)  10  46 63 80 130 150 152 160 164 169 188
  66 (0.000000,0.000000)  15  18 26 32 48 67 103 104 115 133 146 170 205 208 213 227
  67 (0.000000,0.000000)   9  10 23 66 87 97 100 127 163 168
  68 (0.000000,0.000000)  16  12 25 44 50 52 78 79 120 121 122 136 160 161 181 208 244
  69 (0.000000,0.000000)   8  94 110 141 147 170 175 211 246
  70 (0.000000,0.000000)  11  19 35 43 58 74 120 204 206 213 223 226
  71 (0.000000,0.000000)   7  54 72 77 102 107 116 210
  72 (0.000000,0.000000)  11  36 37 62 71 109 126 127 129 162 233 249
  73 (0.000000,0.000000)   8  34 60 113 139 149 210 234 241
  74 (0.000000,0.000000)  13  39 46 70 77 83 152 154 156 186 189 203 205 248
  75 (0.000000,0.000000)   4  132 178 184 219
  76 (0.000000,0.000000)   8  26 123 127 140 165 168 186 232
  77 (0.000000,0.000000)  14  27 32 71 74 115 124 127 145 146 161 191 223 233 236
  78 (0.000000,0.000000)  13  30 54 59 68 100 129 142 177 194 196 221 240 248
  79 (0.000000,0.000000)  12  42 68 94 103 109 142 144 172 178 195 213 239
  80 (0.000000,0.000000)  11  1 32 41 65 125 138 187 206 213 236 246
  81 (0.000000,0.000000)  13  7 8 23 28 41 58 104 114 133 196 205 209 239
  82 (0.000000,0.000000)  11  2 39 41 54 61 86 90 115 144 219 220
  83 (0.000000,0.000000)  12  4 11 44 74 94 96 117 149 170 209 226 230
  84 (0.000000,0.000000)  14  1 32 35 93 101 110 112 115 116 151 193 205 241 244
  85 (0.000000,0.000000)  11  2 43 58 92 142 158 184 200 206 227 239
  86 (0.000000,0.000000)  16  3 27 82 92 107 136 153 168 173 178 187 191 197 223 232 244
  87 (0.000000,0.000000)   6  21 39 42 67 127 240
  88 (0.000000,0.000000)   9  13 19 29 30 130 142 155 211 229
  89 (0.000000,0.000000)   7  23 36 39 104 111 139 164
  90 (0.000000,0.000000)   9  7 13 55 82 103 143 159 166 167
  91 (0.000000,0.000000)   8  15 23 31 64 99 107 112 155
  92 (0.000000,0.000000)  14  13 35 50 85 86 105 110 131 141 149 160 165 248 250
  93 (0.000000,0.000000)  12  4 52 84 133 135 148 171 174 180 189 236 247
  94 (0.000000,0.000000)   7  69 79 83 134 175 201 221
  95 (0.000000,0.000000)   8  2 7 38 136 168 226 227 229
  96 (0.000000,0.000000)  11  8 10 43 48 62 83 138 189 221 223 249
  97 (0.000000,0.000000)   9  64 67 124 130 133 150 170 215 232
  98 (0.000000,0.000000)   8  10 18 106 200 225 235 242 244
  99 (0.000000,0.000000)   9  29 41 91 121 144 192 210 216 228
 100 (0.000000,0.000000)  16  8 23 24 36 42 56 67 78 113 134 145 151 156 182 196 203
 101 (0.000000,0.000000)   7  3 10 47 57 84 105 135
 102 (0.000000,0.000000)   8  32 50 71 129 156 224 235 248
 103 (0.000000,0.000000)  10  17 66 79 90 115 129 167 177 198 214
 104 (0.000000,0.000000)  13  32 57 66 81 89 118 136 151 163 173 174 190 250
 105 (0.000000,0.000000)  11  10 25 44 92 101 109 116 147 159 206 248
 106 (0.000000,0.000000)  11  2 18 63 98 125 140 147 190 207 238 247
 107 (0.000000,0.000000)  10  71 86 91 109 113 124 125 127 157 197
 108 (0.000000,0.000000)   5  169 216 225 237 250
 109 (0.000000,0.000000)  12  22 55 72 79 105 107 122 132 159 162 173 245
 110 (0.000000,0.000000)  13  9 40 56 69 84 92 168 180 200 208 221 231 238
 111 (0.000000,0.000000)   9  39 43 49 89 151 165 211 212 237
 112 (0.000000,0.000000)  10  19 48 84 91 116 134 138 147 171 203
 113 (0.000000,0.000000)   8  7 8 73 100 107 139 157 204
 114 (0.000000,0.000000)  10  13 18 47 81 142 172 173 197 214 221
 115 (0.000000,0.000000)  11  9 45 66 77 82 84 103 118 140 171 184
 116 (0.000000,0.000000)  11  20 52 71 84 105 112 160 166 178 198 225
 117 (0.000000,0.000000)   8  39 55 83 134 153 162 185 214
 118 (0.000000,0.000000)  10  61 104 115 119 136 153 164 179 183 216
 119 (0.000000,0.000000)  10  10 12 16 32 46 50 118 159 166 228
 120 (0.000000,0.000000)  10  18 38 42 58 68 70 127 143 163 169
 121 (0.000000,0.000000)  18  17 46 58 62 68 99 130 150 178 183 186 211 214 223 224 238 240 243
 122 (0.000000,0.000000)   8  30 68 109 124 134 137 202 217
 123 (0.000000,0.000000)   3  76 147 161
 124 (0.000000,0.000000)  17  4 8 20 36 44 61 77 97 107 122 142 184 193 206 221 222 246
 125 (0.000000,0.000000)   9  34 54 58 64 80 106 107 160 180
 126 (0.000000,0.000000)   9  30 72 135 154 176 183 212 219 248
 127 (0.000000,0.000000)  15  50 67 72 76 77 87 107 120 133 148 165 173 192 207 227
 128 (0.000000,0.000000)  12  29 34 37 41 130 140 154 195 210 222 229 230
 129 (0.000000,0.000000)  12  26 35 37 72 78 102 103 151 159 213 224 249
 130 (0.000000,0.000000)  10  17 65 88 97 121 128 195 200 245 246
 131 (0.000000,0.000000)   6  17 53 92 153 231 241
 132 (0.000000,0.000000)   9  75 109 150 154 176 190 216 228 230
 133 (0.000000,0.000000)  10  2 14 66 81 93 97 127 135 142 189
 134 (0.000000,0.000000)  13  7 27 46 64 94 100 112 117 122 135 214 225 245
 135 (0.000000,0.000000)  17  18 51 93 101 126 133 134 137 148 153 160 162 167 190 193 214 217
 136 (0.000000,0.000000)  11  35 55 68 86 95 104 118 143 160 197 202
 137 (0.000000,0.000000)   9  44 50 122 135 148 178 216 222 248
 138 (0.000000,0.000000)  11  7 15 27 31 49 80 96 112 198 201 249
 139 (0.000000,0.000000)  11  2 14 73 89 113 142 169 171 176 209 245
 140 (0.000000,0.000000)  16  11 18 19 26 33 50 58 76 106 115 128 172 176 180 221 230
 141 (0.000000,0.000000)  11  42 43 48 58 69 92 161 164 167 210 225
 142 (0.000000,0.000000)  14  14 18 55 78 79 85 88 114 124 133 139 156 181 214
 143 (0.000000,0.000000)  14  19 38 49 58 90 120 136 168 173 174 210 224 240 241
 144 (0.000000,0.000000)  12  14 23 79 82 99 157 161 178 209 226 227 238
 145 (0.000000,0.000000)   9  25 40 51 77 100 164 215 245 248
 146 (0.000000,0.000000)  10  3 19 21 25 57 66 77 191 215 248
 147 (0.000000,0.000000)  12  41 48 57 69 105 106 112 123 155 214 240 249
 148 (0.000000,0.000000)  10  4 43 56 93 127 135 137 151 183 250
 149 (0.000000,0.000000)   6  20 23 73 83 92 212
 150 (0.000000,0.000000)  10  12 65 97 121 132 154 179 187 237 247
 151 (0.000000,0.000000)  14  6 27 84 100 104 111 129 148 174 178 195 196 199 216
 152 (0.000000,0.000000)  14  55 65 74 159 170 172 188 203 209 213 219 227 238 249
 153 (0.000000,0.000000)  10  6 24 42 51 86 117 118 131 135 185
 154 (0.000000,0.000000)  11  6 7 29 40 74 126 128 132 150 201 211
 155 (0.000000,0.000000)   5  25 88 91 147 217
 156 (0.000000,0.000000)  11  5 16 30 33 49 54 74 100 102 142 235
 157 (0.000000,0.000000)   9  3 107 113 144 161 193 204 210 224
 158 (0.000000,0.000000)  10  8 24 60 85 171 213 222 229 231 232
 159 (0.000000,0.000000)   8  90 105 109 119 129 152 166 207
 160 (0.000000,0.000000)  14  50 59 65 68 92 116 125 135 136 161 189 223 231 244
 161 (0.000000,0.000000)  13  10 16 68 77 123 141 144 157 160 162 175 182 238
 162 (0.000000,0.000000)  10  13 52 72 109 117 135 161 177 242 245
 163 (0.000000,0.000000)   9  7 27 67 104 120 165 178 200 239
 164 (0.000000,0.000000)  11  10 13 51 65 89 118 141 145 172 207 218
 165 (0.000000,0.000000)  16  2 17 29 45 48 62 76 92 111 127 163 183 185 189 198 227
 166 (0.000000,0.000000)   7  58 90 116 119 159 185 187
 167 (0.000000,0.000000)   8  19 90 103 135 141 169 192 199
 168 (0.000000,0.000000)  15  24 54 67 76 86 95 110 143 199 205 213 218 219 226 243
 169 (0.000000,0.000000)  11  12 14 26 50 65 108 120 139 167 191 227
 170 (0.000000,0.000000)  11  5 30 33 51 61 66 69 83 97 152 187
 171 (0.000000,0.000000)   9  51 93 112 115 139 158 205 231 243
 172 (0.000000,0.000000)  13  35 49 50 57 79 114 140 152 164 188 216 237 247
 173 (0.000000,0.000000)  12  4 86 104 109 114 127 143 183 184 198 229 234
 174 (0.000000,0.000000)   8  53 61 93 104 143 151 175 185
 175 (0.000000,0.000000)  11  9 52 69 94 161 174 201 208 220 229 249
 176 (0.000000,0.000000)   7  10 12 126 132 139 140 207
 177 (0.000000,0.000000)   5  78 103 162 230 238
 178 (0.000000,0.000000)  10  44 75 79 86 116 121 137 144 151 163
 179 (0.000000,0.000000)  11  5 14 62 118 150 196 201 216 225 227 237
 180 (0.000000,0.000000)   9  52 54 93 110 125 140 200 222 237
 181 (0.000000,0.000000)   7  4 14 27 52 56 68 142
 182 (0.000000,0.000000)   6  31 48 100 161 218 221
 183 (0.000000,0.000000)  11  15 35 118 121 126 148 165 173 222 229 233
 184 (0.000000,0.000000)   9  53 75 85 115 124 173 195 220 242
 185 (0.000000,0.000000)  12  28 31 34 47 51 117 153 165 166 174 191 242
 186 (0.000000,0.000000)   7  45 57 74 76 121 232 237
 187 (0.000000,0.000000)   8  80 86 150 166 170 236 239 245
 188 (0.000000,0.000000)  12  5 23 37 40 61 65 152 172 191 219 241 244
 189 (0.000000,0.000000)   8  3 74 93 96 133 160 165 230
 190 (0.000000,0.000000)  10  27 52 104 106 132 135 198 202 217 220
 191 (0.000000,0.000000)   9  6 77 86 146 169 185 188 232 241
 192 (0.000000,0.000000)   8  34 99 127 167 199 223 225 232
 193 (0.000000,0.000000)  10  14 17 84 124 135 157 195 206 234 238
 194 (0.000000,0.000000)   9  3 12 78 223 225 230 231 236 249
 195 (0.000000,0.000000)  12  25 42 44 79 128 130 151 184 193 219 235 243
 196 (0.000000,0.000000)   8  47 54 55 78 81 100 151 179
 197 (0.000000,0.000000)  10  3 20 23 33 86 107 114 136 230 236
 198 (0.000000,0.000000)   9  6 103 116 138 165 173 190 223 227
 199 (0.000000,0.000000)   7  12 46 59 151 167 168 192
 200 (0.000000,0.000000)   9  21 26 85 98 110 130 163 180 209
 201 (0.000000,0.000000)  11  11 21 94 138 154 175 179 216 235 237 238
 202 (0.000000,0.000000)  13  3 11 14 15 18 33 41 122 136 190 214 220 240
 203 (0.000000,0.000000)  15  2 22 49 54 63 74 100 112 152 206 208 220 230 234 248
 204 (0.000000,0.000000)   5  70 113 157 210 222
 205 (0.000000,0.000000)   8  66 74 81 84 168 171 218 235
 206 (0.000000,0.000000)   9  50 70 80 85 105 124 193 203 237
 207 (0.000000,0.000000)   7  106 127 159 164 176 223 248
 208 (0.000000,0.000000)   7  32 39 66 68 110 175 203
 209 (0.000000,0.000000)  11  1 20 38 60 81 83 139 144 152 200 246
 210 (0.000000,0.000000)  11  9 71 73 99 128 141 143 157 204 214 237
 211 (0.000000,0.000000)   8  7 69 88 111 121 154 217 234
 212 (0.000000,0.000000)   4  18 111 126 149
 213 (0.000000,0.000000)  14  7 13 42 66 70 79 80 129 152 158 168 217 223 227
 214 (0.000000,0.000000)  15  4 53 103 114 117 121 134 135 142 147 202 210 242 248 250
 215 (0.000000,0.000000)   7  3 6 61 97 145 146 244
 216 (0.000000,0.000000)  12  17 48 63 99 108 118 132 137 151 172 179 201
 217 (0.000000,0.000000)   8  12 60 122 135 155 190 211 213
 218 (0.000000,0.000000)   7  58 164 168 182 205 232 250
 219 (0.000000,0.000000)  10  6 61 75 82 126 152 168 188 195 246
 220 (0.000000,0.000000)  12  13 29 49 61 82 175 184 190 202 203 223 236
 221 (0.000000,0.000000)  13  27 56 78 94 96 110 114 124 140 182 227 238 242
 222 (0.000000,0.000000)  11  2 4 19 51 124 128 137 158 180 183 204
 223 (0.000000,0.000000)  15  5 70 77 86 96 121 160 192 194 198 207 213 220 242 243
 224 (0.000000,0.000000)  10  7 16 25 26 102 121 129 143 157 229
 225 (0.000000,0.000000)  13  12 17 25 98 108 116 134 141 179 192 194 227 250
 226 (0.000000,0.000000)   9  5 7 30 59 70 83 95 144 168
 227 (0.000000,0.000000)  20  9 33 36 40 49 64 66 85 95 127 144 152 165 169 179 198 213 221 225 246
 228 (0.000000,0.000000)   5  17 38 99 119 132
 229 (0.000000,0.000000)  12  37 56 88 95 128 158 173 175 183 224 231 248
 230 (0.000000,0.000000)  15  40 43 64 83 128 132 140 177 189 194 197 203 239 244 250
 231 (0.000000,0.000000)  13  5 31 34 59 110 131 158 160 171 194 229 237 247
 232 (0.000000,0.000000)  13  8 17 31 50 76 86 97 158 186 191 192 218 238
 233 (0.000000,0.000000)   5  9 61 72 77 183
 234 (0.000000,0.000000)   8  12 34 51 73 173 193 203 211
 235 (0.000000,0.000000)   9  21 61 98 102 156 195 201 205 241
 236 (0.000000,0.000000)   9  20 38 77 80 93 187 194 197 220
 237 (0.000000,0.000000)  13  52 108 111 150 172 179 180 186 201 206 210 231 242
 238 (0.000000,0.000000)  12  29 106 110 121 144 152 161 177 193 201 221 232
 239 (0.000000,0.000000)  10  4 15 38 79 81 85 163 187 230 250
 240 (0.000000,0.000000)  10  10 16 44 78 87 121 143 147 202 247
 241 (0.000000,0.000000)   7  73 84 131 143 188 191 235
 242 (0.000000,0.000000)  10  24 41 98 162 184 185 214 221 223 237
 243 (0.000000,0.000000)   9  38 44 49 61 121 168 171 195 223
 244 (0.000000,0.000000)  14  16 17 20 32 52 68 84 86 98 160 188 215 230 249
 245 (0.000000,0.000000)  12  1 2 27 48 62 109 130 134 139 145 162 187
 246 (0.000000,0.000000)   8  64 69 80 124 130 209 219 227
 247 (0.000000,0.000000)  10  15 20 27 31 93 106 150 172 231 240
 248 (0.000000,0.000000)  13  74 78 92 102 105 126 137 145 146 203 207 214 229
 249 (0.000000,0.000000)  14  9 12 18 33 72 96 129 138 147 152 175 194 244 250
 250 (0.000000,0.000000)  13  17 33 55 92 104 108 148 214 218 225 230 239 249
