   1 (0.000000,0.000000)   5  64 74 150 167 206
   2 (0.000000,0.000000)   0 
   3 (0.000000,0.000000)   2  19 144
   4 (0.000000,0.000000)   4  42 64 74 201
   5 (0.000000,0.000000)   2  42 186
   6 (0.000000,0.000000)   2  60 165
   7 (0.000000,0.000000)   3  59 104 190
   8 (0.000000,0.000000)   2  115 154
   9 (0.000000,0.000000)   1  16
  10 (0.000000,0.000000)   5  15 130 146 148 186
  11 (0.000000,0.000000)   2  185 220
  12 (0.000000,0.000000)   4  35 36 49 134
  13 (0.000000,0.000000)   3  140 152 225
  14 (0.000000,0.000000)   4  79 93 169 241
  15 (0.000000,0.000000)   4  10 125 228 234
  16 (0.000000,0.000000)   4  9 61 65 177
  17 (0.000000,0.000000)   6  81 118 137 166 173 178
  18 (0.000000,0.000000)   3  24 27 100
  19 (0.000000,0.000000)   2  3 142
  20 (0.000000,0.000000)   0 
  21 (0.000000,0.000000)   1  165
  22 (0.000000,0.000000)   3  125 127 244
  23 (0.000000,0.000000)   4  88 150 186 236
  24 (0.000000,0.000000)   2  18 118
  25 (0.000000,0.000000)   2  86 101
  26 (0.000000,0.000000)   2  188 208
  27 (0.000000,0.000000)   6  18 91 120 148 158 229
  28 (0.000000,0.000000)   0 
  29 (0.000000,0.000000)   1  86
  30 (0.000000,0.000000)   1  105
  31 (0.000000,0.000000)   2  144 239
  32 (0.000000,0.000000)   2  160 181
  33 (0.000000,0.000000)   4  70 146 231 249
  34 (0.000000,0.000000)   1  238
  35 (0.000000,0.000000)   4  12 48 72 218
  36 (0.000000,0.000000)   2  12 58
  37 (0.000000,0.000000)   1  71
  38 (0.000000,0.000000)   3  135 160 207
  39 (0.000000,0.000000)   4  77 88 212 244
  40 (0.000000,0.000000)   2  68 136
  41 (0.000000,0.000000)   3  133 151 227
  42 (0.000000,0.000000)   5  4 5 57 60 234
  43 (0.000000,0.000000)   1  65
  44 (0.000000,0.000000)   2  135 173
  45 (0.000000,0.000000)   3  63 149 189
  46 (0.000000,0.000000)   0 
  47 (0.000000,0.000000)   4  84 96 101 180
  48 (0.000000,0.000000)   7  35 101 180 195 211 235 240
  49 (0.000000,0.000000)   4  12 77 189 192
  50 (0.000000,0.000000)   3  79 145 215
  51 (0.000000,0.000000)   1  190
  52 (0.000000,0.000000)   1  91
  53 (0.000000,0.000000)   3  78 79 164
  54 (0.000000,0.000000)   1  104
  55 (0.000000,0.000000)   1  162
  56 (0.000000,0.000000)   3  64 150 167
  57 (0.000000,0.000000)   2  42 160
  58 (0.000000,0.000000)   2  36 176
  59 (0.000000,0.000000)   5  7 142 184 193 204
  60 (0.000000,0.000000)   3  6 42 72
  61 (0.000000,0.000000)   3  16 85 89
  62 (0.000000,0.000000)   4  78 105 161 225
  63 (0.000000,0.000000)   4  45 128 144 232
  64 (0.000000,0.000000)   7  1 4 56 106 162 164 237
  65 (0.000000,0.000000)   2  16 43
  66 (0.000000,0.000000)   3  83 156 217
  67 (0.000000,0.000000)   3  70 197 217
  68 (0.000000,0.000000)   5  40 90 91 184 220
  69 (0.000000,0.000000)   3  92 161 163
  70 (0.000000,0.000000)   6  33 67 164 211 215 236
  71 (0.000000,0.000000)   2  37 163
  72 (0.000000,0.000000)   4  35 60 107 238
  73 (0.000000,0.000000)   1  145
  74 (0.000000,0.000000)   3  1 4 185
  75 (0.000000,0.000000)   1  209
  76 (0.000000,0.000000)   2  80 215
  77 (0.000000,0.000000)   2  39 49
  78 (0.000000,0.000000)   3  53 62 156
  79 (0.000000,0.000000)   4  14 50 53 146
  80 (0.000000,0.000000)   2  76 180
  81 (0.000000,0.000000)   2  17 160
  82 (0.000000,0.000000)   4  156 186 243 248
  83 (0.000000,0.000000)   4  66 193 203 247
  84 (0.000000,0.000000)   3  47 117 162
  85 (0.000000,0.000000)   2  61 87
  86 (0.000000,0.000000)   3  25 29 188
  87 (0.000000,0.000000)   3  85 115 174
  88 (0.000000,0.000000)   4  23 39 93 157
  89 (0.000000,0.000000)   4  61 149 198 245
  90 (0.000000,0.000000)   5  68 95 135 147 151
  91 (0.000000,0.000000)   5  27 52 68 152 187
  92 (0.000000,0.000000)   3  69 195 197
  93 (0.000000,0.000000)   2  14 88
  94 (0.000000,0.000000)   1  151
  95 (0.000000,0.000000)   4  90 99 171 227
  96 (0.000000,0.000000)   2  47 111
  97 (0.000000,0.000000)   2  134 216
  98 (0.000000,0.000000)   0 
  99 (0.000000,0.000000)   2  95 176
 100 (0.000000,0.000000)   2  18 232
 101 (0.000000,0.000000)   7  25 47 48 114 145 150 169
 102 (0.000000,0.000000)   0 
 103 (0.000000,0.000000)   1  249
 104 (0.000000,0.000000)   3  7 54 208
 105 (0.000000,0.000000)   6  30 62 140 161 215 246
 106 (0.000000,0.000000)   2  64 154
 107 (0.000000,0.000000)   1  72
 108 (0.000000,0.000000)   2  113 117
 109 (0.000000,0.000000)   3  147 181 191
 110 (0.000000,0.000000)   1  118
 111 (0.000000,0.000000)   2  96 129
 112 (0.000000,0.000000)   5  135 149 192 193 208
 113 (0.000000,0.000000)   4  108 176 202 219
 114 (0.000000,0.000000)   2  101 221
 115 (0.000000,0.000000)   3  8 87 122
 116 (0.000000,0.000000)   0 
 117 (0.000000,0.000000)   2  84 108
 118 (0.000000,0.000000)   4  17 24 110 249
 119 (0.000000,0.000000)   1  172
 120 (0.000000,0.000000)   2  27 212
 121 (0.000000,0.000000)   0 
 122 (0.000000,0.000000)   1  115
 123 (0.000000,0.000000)   2  212 232
 124 (0.000000,0.000000)   3  131 155 208
 125 (0.000000,0.000000)   2  15 22
 126 (0.000000,0.000000)   0 
 127 (0.000000,0.000000)   1  22
 128 (0.000000,0.000000)   2  63 155
 129 (0.000000,0.000000)   3  111 161 163
 130 (0.000000,0.000000)   2  10 233
 131 (0.000000,0.000000)   1  124
 132 (0.000000,0.000000)   1  159
 133 (0.000000,0.000000)   1  41
 134 (0.000000,0.000000)   2  12 97
 135 (0.000000,0.000000)   5  38 44 90 112 175
 136 (0.000000,0.000000)   2  40 176
 137 (0.000000,0.000000)   3  17 182 236
 138 (0.000000,0.000000)   0 
 139 (0.000000,0.000000)   2  164 208
 140 (0.000000,0.000000)   4  13 105 171 228
 141 (0.000000,0.000000)   0 
 142 (0.000000,0.000000)   3  19 59 189
 143 (0.000000,0.000000)   2  172 187
 144 (0.000000,0.000000)   4  3 31 63 230
 145 (0.000000,0.000000)   4  50 73 101 189
 146 (0.000000,0.000000)   6  10 33 79 165 196 220
 147 (0.000000,0.000000)   2  90 109
 148 (0.000000,0.000000)   2  10 27
 149 (0.000000,0.000000)   5  45 89 112 158 212
 150 (0.000000,0.000000)   6  1 23 56 101 188 233
 151 (0.000000,0.000000)   3  41 90 94
 152 (0.000000,0.000000)   3  13 91 193
 153 (0.000000,0.000000)   1  191
 154 (0.000000,0.000000)   3  8 106 229
 155 (0.000000,0.000000)   2  124 128
 156 (0.000000,0.000000)   5  66 78 82 164 214
 157 (0.000000,0.000000)   3  88 192 198
 158 (0.000000,0.000000)   2  27 149
 159 (0.000000,0.000000)   2  132 193
 160 (0.000000,0.000000)   4  32 38 57 81
 161 (0.000000,0.000000)   5  62 69 105 129 166
 162 (0.000000,0.000000)   3  55 64 84
 163 (0.000000,0.000000)   4  69 71 129 188
 164 (0.000000,0.000000)   5  53 64 70 139 156
 165 (0.000000,0.000000)   4  6 21 146 212
 166 (0.000000,0.000000)   3  17 161 236
 167 (0.000000,0.000000)   3  1 56 232
 168 (0.000000,0.000000)   0 
 169 (0.000000,0.000000)   4  14 101 197 244
 170 (0.000000,0.000000)   0 
 171 (0.000000,0.000000)   3  95 140 180
 172 (0.000000,0.000000)   3  119 143 190
 173 (0.000000,0.000000)   2  17 44
 174 (0.000000,0.000000)   1  87
 175 (0.000000,0.000000)   1  135
 176 (0.000000,0.000000)   5  58 99 113 136 231
 177 (0.000000,0.000000)   2  16 244
 178 (0.000000,0.000000)   2  17 205
 179 (0.000000,0.000000)   2  191 249
 180 (0.000000,0.000000)   6  47 48 80 171 204 228
 181 (0.000000,0.000000)   4  32 109 190 234
 182 (0.000000,0.000000)   2  137 240
 183 (0.000000,0.000000)   2  201 235
 184 (0.000000,0.000000)   2  59 68
 185 (0.000000,0.000000)   4  11 74 192 244
 186 (0.000000,0.000000)   5  5 10 23 82 247
 187 (0.000000,0.000000)   2  91 143
 188 (0.000000,0.000000)   4  26 86 150 163
 189 (0.000000,0.000000)   5  45 49 142 145 246
 190 (0.000000,0.000000)   5  7 51 172 181 209
 191 (0.000000,0.000000)   4  109 153 179 199
 192 (0.000000,0.000000)   4  49 112 157 185
 193 (0.000000,0.000000)   5  59 83 112 152 159
 194 (0.000000,0.000000)   0 
 195 (0.000000,0.000000)   3  48 92 217
 196 (0.000000,0.000000)   1  146
 197 (0.000000,0.000000)   3  67 92 169
 198 (0.000000,0.000000)   2  89 157
 199 (0.000000,0.000000)   1  191
 200 (0.000000,0.000000)   0 
 201 (0.000000,0.000000)   2  4 183
 202 (0.000000,0.000000)   1  113
 203 (0.000000,0.000000)   2  83 238
 204 (0.000000,0.000000)   2  59 180
 205 (0.000000,0.000000)   1  178
 206 (0.000000,0.000000)   1  1
 207 (0.000000,0.000000)   2  38 250
 208 (0.000000,0.000000)   6  26 104 112 124 139 214
 209 (0.000000,0.000000)   2  75 190
 210 (0.000000,0.000000)   0 
 211 (0.000000,0.000000)   4  48 70 227 231
 212 (0.000000,0.000000)   6  39 120 123 149 165 219
 213 (0.000000,0.000000)   0 
 214 (0.000000,0.000000)   2  156 208
 215 (0.000000,0.000000)   4  50 70 76 105
 216 (0.000000,0.000000)   1  97
 217 (0.000000,0.000000)   3  66 67 195
 218 (0.000000,0.000000)   2  35 247
 219 (0.000000,0.000000)   2  113 212
 220 (0.000000,0.000000)   3  11 68 146
 221 (0.000000,0.000000)   1  114
 222 (0.000000,0.000000)   0 
 223 (0.000000,0.000000)   1  230
 224 (0.000000,0.000000)   0 
 225 (0.000000,0.000000)   3  13 62 226
 226 (0.000000,0.000000)   1  225
 227 (0.000000,0.000000)   4  41 95 211 235
 228 (0.000000,0.000000)   3  15 140 180
 229 (0.000000,0.000000)   2  27 154
 230 (0.000000,0.000000)   2  144 223
 231 (0.000000,0.000000)   3  33 176 211
 232 (0.000000,0.000000)   4  63 100 123 167
 233 (0.000000,0.000000)   2  130 150
 234 (0.000000,0.000000)   3  15 42 181
 235 (0.000000,0.000000)   4  48 183 227 245
 236 (0.000000,0.000000)   4  23 70 137 166
 237 (0.000000,0.000000)   2  64 239
 238 (0.000000,0.000000)   3  34 72 203
 239 (0.000000,0.000000)   2  31 237
 240 (0.000000,0.000000)   3  48 182 249
 241 (0.000000,0.000000)   2  14 250
 242 (0.000000,0.000000)   0 
 243 (0.000000,0.000000)   1  82
 244 (0.000000,0.000000)   5  22 39 169 177 185
 245 (0.000000,0.000000)   2  89 235
 246 (0.000000,0.000000)   2  105 189
 247 (0.000000,0.000000)   3  83 186 218
 248 (0.000000,0.000000)   1  82
 249 (0.000000,0.000000)   5  33 103 118 179 240
 250 (0.000000,0.000000)   2  207 241
