   1 (0.000000,0.000000)   4  19 43 66 158
   2 (0.000000,0.000000)   6  57 112 114 154 166 215
   3 (0.000000,0.000000)   7  4 17 20 77 129 159 240
   4 (0.000000,0.000000)   9  3 72 79 97 116 187 199 227 237
   5 (0.000000,0.000000)   8  48 88 98 164 169 218 219 228
   6 (0.000000,0.000000)   7  30 42 53 139 189 238 240
   7 (0.000000,0.000000)   7  28 53 63 124 195 206 238
   8 (0.000000,0.000000)   7  74 118 122 123 172 239 241
   9 (0.000000,0.000000)   3  96 153 234
  10 (0.000000,0.000000)   4  107 118 184 239
  11 (0.000000,0.000000)   3  72 183 224
  12 (0.000000,0.000000)   3  94 132 136
  13 (0.000000,0.000000)   5  15 62 115 216 219
  14 (0.000000,0.000000)   5  27 60 81 184 207
  15 (0.000000,0.000000)   8  13 23 52 83 97 107 235 237
  16 (0.000000,0.000000)   2  27 223
  17 (0.000000,0.000000)   6  3 24 29 95 144 178
  18 (0.000000,0.000000)   3  117 133 197
  19 (0.000000,0.000000)   4  1 38 98 198
  20 (0.000000,0.000000)   5  3 90 91 178 201
  21 (0.000000,0.000000)   6  30 134 150 159 186 232
  22 (0.000000,0.000000)   5  35 83 148 201 216
  23 (0.000000,0.000000)   4  15 70 145 175
  24 (0.000000,0.000000)   4  17 122 123 236
  25 (0.000000,0.000000)   3  26 97 236
  26 (0.000000,0.000000)   7  25 110 175 190 193 196 203
  27 (0.000000,0.000000)   7  14 16 76 112 152 173 234
  28 (0.000000,0.000000)   5  7 35 96 191 194
  29 (0.000000,0.000000)   3  17 39 183
  30 (0.000000,0.000000)   5  6 21 68 134 217
  31 (0.000000,0.000000)   4  67 133 150 169
  32 (0.000000,0.000000)   4  97 128 139 164
  33 (0.000000,0.000000)   5  83 113 114 138 220
  34 (0.000000,0.000000)   7  49 63 89 123 159 206 218
  35 (0.000000,0.000000)   5  22 28 36 216 241
  36 (0.000000,0.000000)   6  35 37 65 163 197 223
  37 (0.000000,0.000000)   3  36 92 203
  38 (0.000000,0.000000)   6  19 112 181 213 232 244
  39 (0.000000,0.000000)   4  29 76 163 223
  40 (0.000000,0.000000)   5  55 58 125 150 199
  41 (0.000000,0.000000)   5  132 196 228 229 236
  42 (0.000000,0.000000)   3  6 108 165
  43 (0.000000,0.000000)   5  1 113 166 226 248
  44 (0.000000,0.000000)   3  56 69 121
  45 (0.000000,0.000000)   2  64 196
  46 (0.000000,0.000000)   2  55 127
  47 (0.000000,0.000000)   4  102 114 125 218
  48 (0.000000,0.000000)   5  5 85 190 197 234
  49 (0.000000,0.000000)   3  34 82 100
  50 (0.000000,0.000000)   3  55 74 226
  51 (0.000000,0.000000)   5  59 130 151 236 240
  52 (0.000000,0.000000)   3  15 79 135
  53 (0.000000,0.000000)   5  6 7 99 147 167
  54 (0.000000,0.000000)   1  185
  55 (0.000000,0.000000)   4  40 46 50 169
  56 (0.000000,0.000000)   3  44 124 194
  57 (0.000000,0.000000)   8  2 58 94 103 123 135 138 235
  58 (0.000000,0.000000)   7  40 57 107 127 180 229 246
  59 (0.000000,0.000000)   4  51 132 181 211
  60 (0.000000,0.000000)   5  14 141 155 179 182
  61 (0.000000,0.000000)   2  98 235
  62 (0.000000,0.000000)   5  13 113 143 163 184
  63 (0.000000,0.000000)   5  7 34 103 139 193
  64 (0.000000,0.000000)   7  45 66 169 172 200 222 224
  65 (0.000000,0.000000)   3  36 113 202
  66 (0.000000,0.000000)   9  1 64 69 109 116 128 174 198 249
  67 (0.000000,0.000000)   4  31 120 201 216
  68 (0.000000,0.000000)   2  30 180
  69 (0.000000,0.000000)   4  44 66 210 211
  70 (0.000000,0.000000)   5  23 71 85 88 236
  71 (0.000000,0.000000)   4  70 111 165 226
  72 (0.000000,0.000000)   5  4 11 130 150 184
  73 (0.000000,0.000000)   6  93 117 149 200 201 247
  74 (0.000000,0.000000)   7  8 50 136 144 162 181 196
  75 (0.000000,0.000000)   4  128 146 169 235
  76 (0.000000,0.000000)   4  27 39 109 134
  77 (0.000000,0.000000)   8  3 112 175 176 178 181 227 244
  78 (0.000000,0.000000)   1  190
  79 (0.000000,0.000000)   5  4 52 93 118 128
  80 (0.000000,0.000000)   6  98 157 169 182 235 245
  81 (0.000000,0.000000)   3  14 179 235
  82 (0.000000,0.000000)   5  49 90 127 146 200
  83 (0.000000,0.000000)   8  15 22 33 93 142 152 183 207
  84 (0.000000,0.000000)   1  129
  85 (0.000000,0.000000)   7  48 70 95 166 197 210 238
  86 (0.000000,0.000000)   4  99 162 206 208
  87 (0.000000,0.000000)   5  147 162 177 198 226
  88 (0.000000,0.000000)   6  5 70 101 104 232 241
  89 (0.000000,0.000000)   3  34 150 243
  90 (0.000000,0.000000)   7  20 82 95 218 225 229 246
  91 (0.000000,0.000000)   2  20 147
  92 (0.000000,0.000000)   4  37 192 207 239
  93 (0.000000,0.000000)   5  73 79 83 140 154
  94 (0.000000,0.000000)   6  12 57 104 144 180 240
  95 (0.000000,0.000000)  11  17 85 90 124 136 158 175 196 206 230 231
  96 (0.000000,0.000000)   2  9 28
  97 (0.000000,0.000000)   6  4 15 25 32 230 236
  98 (0.000000,0.000000)   5  5 19 61 80 243
  99 (0.000000,0.000000)   5  53 86 125 155 171
 100 (0.000000,0.000000)   2  49 105
 101 (0.000000,0.000000)   1  88
 102 (0.000000,0.000000)   2  47 230
 103 (0.000000,0.000000)   6  57 63 111 177 187 192
 104 (0.000000,0.000000)   5  88 94 111 174 207
 105 (0.000000,0.000000)   4  100 129 164 227
 106 (0.000000,0.000000)   5  108 114 144 217 247
 107 (0.000000,0.000000)   5  10 15 58 156 246
 108 (0.000000,0.000000)   6  42 106 138 148 177 205
 109 (0.000000,0.000000)   5  66 76 195 224 227
 110 (0.000000,0.000000)   2  26 207
 111 (0.000000,0.000000)   6  71 103 104 159 173 240
 112 (0.000000,0.000000)   6  2 27 38 77 138 143
 113 (0.000000,0.000000)   5  33 43 62 65 248
 114 (0.000000,0.000000)   6  2 33 47 106 212 241
 115 (0.000000,0.000000)   5  13 125 144 223 244
 116 (0.000000,0.000000)   5  4 66 137 220 226
 117 (0.000000,0.000000)   4  18 73 229 230
 118 (0.000000,0.000000)   9  8 10 79 186 204 208 221 225 229
 119 (0.000000,0.000000)   5  167 169 176 201 226
 120 (0.000000,0.000000)   6  67 159 164 186 193 247
 121 (0.000000,0.000000)   1  44
 122 (0.000000,0.000000)   3  8 24 219
 123 (0.000000,0.000000)   6  8 24 34 57 227 238
 124 (0.000000,0.000000)   6  7 56 95 164 182 208
 125 (0.000000,0.000000)   7  40 47 99 115 143 164 169
 126 (0.000000,0.000000)   1  175
 127 (0.000000,0.000000)   6  46 58 82 148 166 174
 128 (0.000000,0.000000)   6  32 66 75 79 174 192
 129 (0.000000,0.000000)   5  3 84 105 163 244
 130 (0.000000,0.000000)   4  51 72 137 169
 131 (0.000000,0.000000)   2  210 213
 132 (0.000000,0.000000)   6  12 41 59 133 247 249
 133 (0.000000,0.000000)   5  18 31 132 171 199
 134 (0.000000,0.000000)   7  21 30 76 150 158 162 166
 135 (0.000000,0.000000)   6  52 57 159 217 234 250
 136 (0.000000,0.000000)   7  12 74 95 162 204 210 245
 137 (0.000000,0.000000)   5  116 130 185 212 239
 138 (0.000000,0.000000)   5  33 57 108 112 240
 139 (0.000000,0.000000)   8  6 32 63 155 159 195 230 233
 140 (0.000000,0.000000)   3  93 196 248
 141 (0.000000,0.000000)   4  60 154 191 240
 142 (0.000000,0.000000)   3  83 174 192
 143 (0.000000,0.000000)   5  62 112 125 146 230
 144 (0.000000,0.000000)   7  17 74 94 106 115 184 190
 145 (0.000000,0.000000)   2  23 183
 146 (0.000000,0.000000)   5  75 82 143 151 190
 147 (0.000000,0.000000)   6  53 87 91 152 208 228
 148 (0.000000,0.000000)   5  22 108 127 167 206
 149 (0.000000,0.000000)   5  73 152 182 233 243
 150 (0.000000,0.000000)   7  21 31 40 72 89 134 156
 151 (0.000000,0.000000)   4  51 146 199 206
 152 (0.000000,0.000000)   4  27 83 147 149
 153 (0.000000,0.000000)   4  9 164 178 225
 154 (0.000000,0.000000)   5  2 93 141 160 172
 155 (0.000000,0.000000)   3  60 99 139
 156 (0.000000,0.000000)   3  107 150 165
 157 (0.000000,0.000000)   3  80 170 224
 158 (0.000000,0.000000)   5  1 95 134 170 236
 159 (0.000000,0.000000)   7  3 21 34 111 120 135 139
 160 (0.000000,0.000000)   2  154 228
 161 (0.000000,0.000000)   3  166 230 232
 162 (0.000000,0.000000)   8  74 86 87 134 136 170 220 228
 163 (0.000000,0.000000)   4  36 39 62 129
 164 (0.000000,0.000000)  10  5 32 105 120 124 125 153 183 201 218
 165 (0.000000,0.000000)   6  42 71 156 173 174 239
 166 (0.000000,0.000000)   7  2 43 85 127 134 161 168
 167 (0.000000,0.000000)   4  53 119 148 188
 168 (0.000000,0.000000)   3  166 188 191
 169 (0.000000,0.000000)  12  5 31 55 64 75 80 119 125 130 175 198 208
 170 (0.000000,0.000000)   4  157 158 162 201
 171 (0.000000,0.000000)   2  99 133
 172 (0.000000,0.000000)   5  8 64 154 199 240
 173 (0.000000,0.000000)   5  27 111 165 233 237
 174 (0.000000,0.000000)   8  66 104 127 128 142 165 198 234
 175 (0.000000,0.000000)   9  23 26 77 95 126 169 180 216 250
 176 (0.000000,0.000000)   4  77 119 192 218
 177 (0.000000,0.000000)   3  87 103 108
 178 (0.000000,0.000000)   6  17 20 77 153 239 244
 179 (0.000000,0.000000)   4  60 81 183 215
 180 (0.000000,0.000000)   4  58 68 94 175
 181 (0.000000,0.000000)   6  38 59 74 77 186 243
 182 (0.000000,0.000000)   8  60 80 124 149 200 215 223 224
 183 (0.000000,0.000000)   8  11 29 83 145 164 179 190 195
 184 (0.000000,0.000000)   5  10 14 62 72 144
 185 (0.000000,0.000000)   3  54 137 239
 186 (0.000000,0.000000)   4  21 118 120 181
 187 (0.000000,0.000000)   2  4 103
 188 (0.000000,0.000000)   3  167 168 221
 189 (0.000000,0.000000)   3  6 193 211
 190 (0.000000,0.000000)   8  26 48 78 144 146 183 218 236
 191 (0.000000,0.000000)   3  28 141 168
 192 (0.000000,0.000000)   5  92 103 128 142 176
 193 (0.000000,0.000000)   4  26 63 120 189
 194 (0.000000,0.000000)   4  28 56 202 242
 195 (0.000000,0.000000)   7  7 109 139 183 199 212 245
 196 (0.000000,0.000000)   7  26 41 45 74 95 140 243
 197 (0.000000,0.000000)   4  18 36 48 85
 198 (0.000000,0.000000)   8  19 66 87 169 174 206 232 249
 199 (0.000000,0.000000)   7  4 40 133 151 172 195 208
 200 (0.000000,0.000000)   4  64 73 82 182
 201 (0.000000,0.000000)   8  20 22 67 73 119 164 170 212
 202 (0.000000,0.000000)   2  65 194
 203 (0.000000,0.000000)   3  26 37 222
 204 (0.000000,0.000000)   4  118 136 213 216
 205 (0.000000,0.000000)   4  108 211 212 213
 206 (0.000000,0.000000)   8  7 34 86 95 148 151 198 249
 207 (0.000000,0.000000)   5  14 83 92 104 110
 208 (0.000000,0.000000)   7  86 118 124 147 169 199 212
 209 (0.000000,0.000000)   0 
 210 (0.000000,0.000000)   6  69 85 131 136 235 242
 211 (0.000000,0.000000)   5  59 69 189 205 236
 212 (0.000000,0.000000)   6  114 137 195 201 205 208
 213 (0.000000,0.000000)   5  38 131 204 205 216
 214 (0.000000,0.000000)   0 
 215 (0.000000,0.000000)   8  2 179 182 221 225 236 238 250
 216 (0.000000,0.000000)   7  13 22 35 67 175 204 213
 217 (0.000000,0.000000)   3  30 106 135
 218 (0.000000,0.000000)   7  5 34 47 90 164 176 190
 219 (0.000000,0.000000)   4  5 13 122 238
 220 (0.000000,0.000000)   4  33 116 162 242
 221 (0.000000,0.000000)   4  118 188 215 230
 222 (0.000000,0.000000)   2  64 203
 223 (0.000000,0.000000)   6  16 36 39 115 182 225
 224 (0.000000,0.000000)   5  11 64 109 157 182
 225 (0.000000,0.000000)   5  90 118 153 215 223
 226 (0.000000,0.000000)   6  43 50 71 87 116 119
 227 (0.000000,0.000000)   5  4 77 105 109 123
 228 (0.000000,0.000000)   5  5 41 147 160 162
 229 (0.000000,0.000000)   5  41 58 90 117 118
 230 (0.000000,0.000000)   8  95 97 102 117 139 143 161 221
 231 (0.000000,0.000000)   1  95
 232 (0.000000,0.000000)   5  21 38 88 161 198
 233 (0.000000,0.000000)   5  139 149 173 238 242
 234 (0.000000,0.000000)   5  9 27 48 135 174
 235 (0.000000,0.000000)   8  15 57 61 75 80 81 210 239
 236 (0.000000,0.000000)  10  24 25 41 51 70 97 158 190 211 215
 237 (0.000000,0.000000)   3  4 15 173
 238 (0.000000,0.000000)   7  6 7 85 123 215 219 233
 239 (0.000000,0.000000)   8  8 10 92 137 165 178 185 235
 240 (0.000000,0.000000)   8  3 6 51 94 111 138 141 172
 241 (0.000000,0.000000)   5  8 35 88 114 242
 242 (0.000000,0.000000)   5  194 210 220 233 241
 243 (0.000000,0.000000)   5  89 98 149 181 196
 244 (0.000000,0.000000)   5  38 77 115 129 178
 245 (0.000000,0.000000)   3  80 136 195
 246 (0.000000,0.000000)   3  58 90 107
 247 (0.000000,0.000000)   4  73 106 120 132
 248 (0.000000,0.000000)   3  43 113 140
 249 (0.000000,0.000000)   4  66 132 198 206
 250 (0.000000,0.000000)   3  135 175 215
