   1 (0.012608,0.549279)    7  26 36 39 56 85 97 99
   2 (0.181244,0.647803)   12  22 27 31 32 38 43 99 101 116 121 131 145
   3 (0.458798,0.353404)   10  28 33 65 70 78 83 109 119 134 142
   4 (0.313580,0.891134)    8  18 24 42 86 88 89 108 141
   5 (0.257526,0.092340)    9  7 58 96 104 105 112 129 147 148
   6 (0.832252,0.764878)    4  51 90 113 144
   7 (0.190036,0.074346)   11  5 46 58 66 87 96 104 105 112 147 148
   8 (0.641758,0.485870)    8  16 41 49 61 64 70 78 98
   9 (0.130884,0.841575)    9  18 22 24 42 52 89 101 116 131
  10 (0.843461,0.170915)   13  11 45 48 55 73 76 79 94 110 117 124 135 136
  11 (0.721823,0.094021)   12  10 12 25 55 73 76 79 94 117 123 124 140
  12 (0.694537,0.042948)    9  11 25 76 79 94 117 123 124 140
  13 (0.163821,0.440122)   11  19 29 36 39 44 53 56 62 85 126 145
  14 (0.851946,0.586314)   13  30 50 59 71 72 91 118 120 127 133 137 138 149
  15 (0.522454,0.905015)   13  17 40 60 74 75 77 95 107 108 114 115 130 132
  16 (0.649791,0.535062)   13  8 21 34 41 49 61 64 69 71 78 98 120 149
  17 (0.454294,0.831035)    8  15 40 60 74 77 86 108 132
  18 (0.182865,0.913092)    7  4 9 22 24 42 52 89
  19 (0.184439,0.496445)    9  13 31 36 39 44 85 93 126 145
  20 (0.804226,0.441965)   11  35 47 49 50 59 72 91 98 103 127 133
  21 (0.588785,0.636478)    8  16 34 41 61 64 69 128 139
  22 (0.206843,0.778821)   15  2 9 18 24 27 32 38 42 43 86 89 101 116 121 131
  23 (0.710823,0.848601)    8  40 51 90 95 113 122 130 132
  24 (0.264691,0.841707)   10  4 9 18 22 38 42 86 89 101 141
  25 (0.690176,0.108152)   10  11 12 55 76 79 94 117 123 124 140
  26 (0.012622,0.411998)    7  1 36 56 62 68 85 102
  27 (0.202174,0.707159)   12  2 22 31 32 38 42 43 99 101 116 121 131
  28 (0.454946,0.365995)    9  3 33 65 70 78 83 109 119 134
  29 (0.147281,0.306892)   10  13 37 44 46 53 62 66 67 68 111
  30 (0.952309,0.669736)    5  14 118 137 138 144
  31 (0.211907,0.602100)   12  2 19 27 32 38 39 43 93 99 121 145 150
  32 (0.204797,0.666201)   12  2 22 27 31 38 43 99 101 116 121 131 145
  33 (0.433135,0.387663)    7  3 28 65 70 78 83 119
  34 (0.579293,0.617574)    8  16 21 41 61 64 69 128 139
  35 (0.884108,0.383518)    7  20 59 72 91 92 103 127
  36 (0.059539,0.472894)   10  1 13 19 26 39 44 56 62 85 145
  37 (0.019996,0.266382)    8  29 46 53 62 68 80 102 111
  38 (0.251715,0.730819)   14  2 22 24 27 31 32 42 43 86 89 101 121 125 131
  39 (0.114983,0.516406)   10  1 13 19 31 36 44 56 85 99 145
  40 (0.572527,0.805158)   13  15 17 23 74 77 95 107 114 122 128 130 132 139
  41 (0.624558,0.585149)   11  8 16 21 34 61 64 69 120 128 139 149
  42 (0.217156,0.826732)   11  4 9 18 22 24 27 38 86 89 101 131
  43 (0.292308,0.672103)   12  2 22 27 31 32 38 82 93 101 121 125 150
  44 (0.192727,0.439589)    9  13 19 29 36 39 62 85 126 145
  45 (0.978995,0.145036)    6  10 48 73 106 110 136
  46 (0.109325,0.190901)   13  7 29 37 53 66 67 68 80 87 102 111 112 148
  47 (0.747136,0.314122)    6  20 49 57 76 103 135
  48 (0.857102,0.180272)    9  10 45 55 73 79 94 110 135 136
  49 (0.701785,0.436395)    6  8 16 20 47 72 98
  50 (0.797846,0.585893)    9  14 20 71 72 91 120 133 137 149
  51 (0.819913,0.857385)    5  6 23 63 90 113
  52 (0.058786,0.839909)    5  9 18 101 116 131
  53 (0.123767,0.310501)   10  13 29 37 46 62 66 67 68 102 111
  54 (0.570728,0.238750)    6  70 109 119 134 142 146
  55 (0.826908,0.143255)   13  10 11 25 48 73 76 79 94 110 117 124 135 136
  56 (0.043908,0.451466)    8  1 13 26 36 39 62 68 85
  57 (0.728403,0.261065)    5  47 76 124 135 146
  58 (0.278198,0.020711)    8  5 7 96 104 105 112 129 143
  59 (0.933167,0.470925)   10  14 20 35 72 91 92 103 127 137 138
  60 (0.460300,0.912162)   12  15 17 74 75 77 88 107 108 114 115 132 141
  61 (0.615961,0.569625)   11  8 16 21 34 41 64 69 98 128 139 149
  62 (0.103063,0.363098)   10  13 26 29 36 37 44 53 56 68 102
  63 (0.883747,0.960165)    3  51 84 113
  64 (0.543369,0.585532)    8  8 16 21 34 41 61 69 128
  65 (0.396560,0.341215)    8  3 28 33 83 109 119 134 142
  66 (0.171425,0.216473)   11  7 29 46 53 67 87 104 111 112 147 148
  67 (0.198600,0.230212)    9  29 46 53 66 87 104 111 112 147
  68 (0.056381,0.322368)    9  26 29 37 46 53 56 62 102 111
  69 (0.540713,0.627110)    8  16 21 34 41 61 64 128 139
  70 (0.561118,0.367621)    8  3 8 28 33 54 78 109 146
  71 (0.770365,0.605026)    8  14 16 50 72 91 120 133 149
  72 (0.819087,0.498768)   13  14 20 35 49 50 59 71 91 98 127 133 137 149
  73 (0.866090,0.097285)   12  10 11 45 48 55 79 94 106 110 117 135 136
  74 (0.519479,0.799258)   11  15 17 40 60 77 95 108 114 128 130 132
  75 (0.568210,0.979780)    7  15 60 107 114 115 130 132
  76 (0.711420,0.184171)   12  10 11 12 25 47 55 57 79 117 123 124 135
  77 (0.549405,0.814483)   13  15 17 40 60 74 95 107 108 114 122 128 130 132
  78 (0.547269,0.433153)    7  3 8 16 28 33 70 83
  79 (0.774648,0.090638)   15  10 11 12 25 48 55 73 76 94 117 123 124 135 136 140
  80 (0.018685,0.171208)    5  37 46 87 102 111
  81 (0.431854,0.190110)    6  100 109 119 129 134 142
  82 (0.387680,0.630454)    5  43 93 121 125 150
  83 (0.420322,0.444062)    5  3 28 33 65 78
  84 (0.952822,0.961035)    2  63 113
  85 (0.071171,0.513939)   11  1 13 19 26 36 39 44 56 97 99 145
  86 (0.328656,0.841536)   10  4 17 22 24 38 42 88 89 108 141
  87 (0.118965,0.147742)    9  7 46 66 67 80 105 111 112 148
  88 (0.340304,0.985056)    4  4 60 86 141
  89 (0.245027,0.859783)   10  4 9 18 22 24 38 42 86 101 141
  90 (0.784313,0.813237)    5  6 23 51 113 122
  91 (0.839563,0.495733)   10  14 20 35 50 59 71 72 127 133 137
  92 (0.997408,0.388968)    3  35 59 103
  93 (0.310216,0.544677)    7  19 31 43 82 125 126 150
  94 (0.822121,0.084864)   14  10 11 12 25 48 55 73 79 106 110 117 124 135 136
  95 (0.635315,0.840806)   11  15 23 40 74 77 107 114 122 130 132 139
  96 (0.256071,0.067169)   10  5 7 58 104 105 112 129 143 147 148
  97 (0.030916,0.643751)    5  1 85 99 116 131
  98 (0.697623,0.451238)    6  8 16 20 49 61 72
  99 (0.087813,0.650444)   12  1 2 27 31 32 39 85 97 101 116 131 145
 100 (0.412273,0.158984)    8  81 109 119 129 134 142 143 147
 101 (0.164384,0.740928)   14  2 9 22 24 27 32 38 42 43 52 89 99 116 131
 102 (0.000520,0.283349)    8  26 37 46 53 62 68 80 111
 103 (0.888671,0.340824)    7  20 35 47 59 92 127 135
 104 (0.268405,0.133698)   11  5 7 58 66 67 96 105 112 129 147 148
 105 (0.200607,0.052718)    8  5 7 58 87 96 104 112 148
 106 (0.946934,0.040171)    5  45 73 94 110 136
 107 (0.548451,0.944342)   10  15 40 60 75 77 95 114 115 130 132
 108 (0.429139,0.858666)    8  4 15 17 60 74 77 86 141
 109 (0.489018,0.251259)   11  3 28 54 65 70 81 100 119 134 142 146
 110 (0.943530,0.124333)    8  10 45 48 55 73 94 106 136
 111 (0.092065,0.199601)   12  29 37 46 53 66 67 68 80 87 102 112 148
 112 (0.191502,0.122981)   14  5 7 46 58 66 67 87 96 104 105 111 129 147 148
 113 (0.843353,0.889125)    6  6 23 51 63 84 90
 114 (0.574218,0.931165)   12  15 40 60 74 75 77 95 107 115 122 130 132
 115 (0.539569,0.986491)    6  15 60 75 107 114 132
 116 (0.090150,0.703953)   10  2 9 22 27 32 52 97 99 101 131
 117 (0.727419,0.090670)   12  10 11 12 25 55 73 76 79 94 123 124 140
 118 (0.987302,0.616090)    5  14 30 137 138 144
 119 (0.431494,0.255707)   10  3 28 33 54 65 81 100 109 134 142
 120 (0.749788,0.632102)    8  14 16 41 50 71 133 139 149
 121 (0.308424,0.696722)   10  2 22 27 31 32 38 43 82 125 150
 122 (0.672272,0.856875)    8  23 40 77 90 95 114 130 132
 123 (0.641064,0.101411)    8  11 12 25 76 79 117 124 140
 124 (0.715542,0.130082)   13  10 11 12 25 55 57 76 79 94 117 123 135 140
 125 (0.352670,0.659072)    6  38 43 82 93 121 150
 126 (0.254416,0.444735)    4  13 19 44 93
 127 (0.858673,0.445918)    9  14 20 35 59 72 91 103 133 137
 128 (0.567716,0.702026)   10  21 34 40 41 61 64 69 74 77 139
 129 (0.335042,0.141934)   10  5 58 81 96 100 104 112 142 143 147
 130 (0.633191,0.874612)   11  15 23 40 74 75 77 95 107 114 122 132
 131 (0.128425,0.723341)   12  2 9 22 27 32 38 42 52 97 99 101 116
 132 (0.578565,0.855845)   14  15 17 23 40 60 74 75 77 95 107 114 115 122 130
 133 (0.814011,0.565867)   10  14 20 50 71 72 91 120 127 137 149
 134 (0.471935,0.245505)   10  3 28 54 65 81 100 109 119 142 146
 135 (0.821574,0.221723)   12  10 47 48 55 57 73 76 79 94 103 124 136
 136 (0.877606,0.129998)   10  10 45 48 55 73 79 94 106 110 135
 137 (0.918445,0.549879)   10  14 30 50 59 72 91 118 127 133 138
 138 (0.986873,0.559509)    5  14 30 59 118 137
 139 (0.651289,0.702415)   10  21 34 40 41 61 69 95 120 128 149
 140 (0.689591,0.003960)    7  11 12 25 79 117 123 124
 141 (0.361487,0.944007)    7  4 24 60 86 88 89 108
 142 (0.448695,0.220160)    9  3 54 65 81 100 109 119 129 134
 143 (0.389924,0.016411)    4  58 96 100 129
 144 (0.922185,0.724967)    3  6 30 118
 145 (0.158345,0.555376)   10  2 13 19 31 32 36 39 44 85 99
 146 (0.599579,0.286770)    5  54 57 70 109 134
 147 (0.278717,0.178143)    9  5 7 66 67 96 100 104 112 129
 148 (0.142615,0.092728)   10  5 7 46 66 87 96 104 105 111 112
 149 (0.744010,0.614550)   10  14 16 41 50 61 71 72 120 133 139
 150 (0.338233,0.565584)    6  31 43 82 93 121 125
