54 (0.000000,0.000000) 3 32 286 386 
415 (0.000000,0.000000) 3 335 46 437 
328 (0.000000,0.000000) 3 19 197 329 
303 (0.000000,0.000000) 3 48 350 247 
132 (0.000000,0.000000) 3 332 283 321 
286 (0.000000,0.000000) 3 452 125 54 
231 (0.000000,0.000000) 3 388 179 115 
12 (0.000000,0.000000) 3 46 70 373 
68 (0.000000,0.000000) 3 477 20 319 
351 (0.000000,0.000000) 3 352 301 225 
308 (0.000000,0.000000) 3 107 29 481 
340 (0.000000,0.000000) 3 402 220 441 
430 (0.000000,0.000000) 3 112 182 166 
217 (0.000000,0.000000) 3 107 221 25 
480 (0.000000,0.000000) 3 245 59 317 
204 (0.000000,0.000000) 3 183 490 316 
200 (0.000000,0.000000) 3 470 325 148 
91 (0.000000,0.000000) 3 29 107 268 
441 (0.000000,0.000000) 3 236 298 340 
427 (0.000000,0.000000) 3 59 51 213 
33 (0.000000,0.000000) 3 224 262 335 
330 (0.000000,0.000000) 3 39 299 188 
183 (0.000000,0.000000) 3 435 235 204 
265 (0.000000,0.000000) 3 307 416 164 
116 (0.000000,0.000000) 3 417 21 236 
462 (0.000000,0.000000) 3 181 363 301 
274 (0.000000,0.000000) 3 378 363 226 
276 (0.000000,0.000000) 3 423 253 201 
39 (0.000000,0.000000) 3 310 460 330 
424 (0.000000,0.000000) 3 222 208 56 
41 (0.000000,0.000000) 3 319 181 47 
444 (0.000000,0.000000) 3 380 442 112 
338 (0.000000,0.000000) 3 225 95 185 
369 (0.000000,0.000000) 3 137 442 222 
247 (0.000000,0.000000) 3 356 155 303 
470 (0.000000,0.000000) 3 419 182 200 
6 (0.000000,0.000000) 3 81 229 390 
329 (0.000000,0.000000) 3 179 174 328 
481 (0.000000,0.000000) 3 435 142 308 
425 (0.000000,0.000000) 3 420 140 452 
179 (0.000000,0.000000) 3 401 329 231 
140 (0.000000,0.000000) 3 448 373 425 
264 (0.000000,0.000000) 3 148 203 48 
460 (0.000000,0.000000) 3 376 160 39 
208 (0.000000,0.000000) 3 289 250 424 
243 (0.000000,0.000000) 3 131 13 490 
164 (0.000000,0.000000) 3 380 454 265 
260 (0.000000,0.000000) 3 216 478 283 
333 (0.000000,0.000000) 3 3 437 250 
456 (0.000000,0.000000) 3 275 485 317 
186 (0.000000,0.000000) 3 70 476 376 
137 (0.000000,0.000000) 3 417 445 369 
221 (0.000000,0.000000) 3 86 7 217 
252 (0.000000,0.000000) 3 73 322 423 
182 (0.000000,0.000000) 3 178 470 430 
107 (0.000000,0.000000) 3 91 217 308 
380 (0.000000,0.000000) 3 301 164 444 
220 (0.000000,0.000000) 3 385 156 340 
382 (0.000000,0.000000) 3 306 292 290 
420 (0.000000,0.000000) 3 135 318 425 
262 (0.000000,0.000000) 3 240 378 33 
145 (0.000000,0.000000) 3 337 455 184 
442 (0.000000,0.000000) 3 323 369 444 
373 (0.000000,0.000000) 3 305 140 12 
70 (0.000000,0.000000) 3 100 186 12 
473 (0.000000,0.000000) 3 268 89 368 
365 (0.000000,0.000000) 3 311 255 202 
185 (0.000000,0.000000) 3 7 162 338 
432 (0.000000,0.000000) 3 251 259 353 
428 (0.000000,0.000000) 3 459 229 273 
95 (0.000000,0.000000) 3 81 388 338 
112 (0.000000,0.000000) 3 226 444 430 
402 (0.000000,0.000000) 3 216 465 340 
181 (0.000000,0.000000) 3 251 41 462 
13 (0.000000,0.000000) 3 9 250 243 
290 (0.000000,0.000000) 3 135 378 382 
122 (0.000000,0.000000) 3 266 49 119 
471 (0.000000,0.000000) 3 162 16 202 
169 (0.000000,0.000000) 3 316 334 263 
194 (0.000000,0.000000) 3 141 130 367 
353 (0.000000,0.000000) 3 368 89 432 
209 (0.000000,0.000000) 3 20 337 123 
72 (0.000000,0.000000) 3 370 7 142 
80 (0.000000,0.000000) 3 417 127 478 
322 (0.000000,0.000000) 3 127 316 252 
464 (0.000000,0.000000) 3 32 154 383 
225 (0.000000,0.000000) 3 467 338 351 
263 (0.000000,0.000000) 3 115 75 169 
188 (0.000000,0.000000) 3 155 177 330 
146 (0.000000,0.000000) 3 214 255 174 
87 (0.000000,0.000000) 3 485 476 477 
52 (0.000000,0.000000) 3 245 270 459 
19 (0.000000,0.000000) 3 158 344 328 
476 (0.000000,0.000000) 3 21 87 186 
109 (0.000000,0.000000) 3 371 454 38 
465 (0.000000,0.000000) 3 161 370 402 
158 (0.000000,0.000000) 3 352 291 19 
73 (0.000000,0.000000) 3 331 449 252 
367 (0.000000,0.000000) 3 222 104 194 
378 (0.000000,0.000000) 3 290 262 274 
253 (0.000000,0.000000) 3 49 334 276 
405 (0.000000,0.000000) 3 466 407 421 
318 (0.000000,0.000000) 3 319 25 420 
46 (0.000000,0.000000) 3 125 12 415 
292 (0.000000,0.000000) 3 16 401 382 
236 (0.000000,0.000000) 3 78 116 441 
215 (0.000000,0.000000) 3 379 78 334 
337 (0.000000,0.000000) 3 115 209 145 
440 (0.000000,0.000000) 3 235 202 291 
155 (0.000000,0.000000) 3 310 188 247 
45 (0.000000,0.000000) 3 370 350 379 
363 (0.000000,0.000000) 3 238 274 462 
86 (0.000000,0.000000) 3 392 270 221 
218 (0.000000,0.000000) 3 259 240 131 
326 (0.000000,0.000000) 3 74 299 38 
162 (0.000000,0.000000) 3 344 471 185 
332 (0.000000,0.000000) 3 239 289 132 
307 (0.000000,0.000000) 3 489 449 265 
419 (0.000000,0.000000) 3 123 189 470 
417 (0.000000,0.000000) 3 80 137 116 
489 (0.000000,0.000000) 3 44 23 307 
437 (0.000000,0.000000) 3 235 333 415 
392 (0.000000,0.000000) 3 228 56 86 
449 (0.000000,0.000000) 3 311 307 73 
401 (0.000000,0.000000) 3 177 292 179 
21 (0.000000,0.000000) 3 421 476 116 
119 (0.000000,0.000000) 3 311 207 122 
131 (0.000000,0.000000) 3 16 218 243 
273 (0.000000,0.000000) 3 128 409 428 
23 (0.000000,0.000000) 3 125 47 489 
448 (0.000000,0.000000) 3 239 283 140 
390 (0.000000,0.000000) 3 344 161 6 
69 (0.000000,0.000000) 3 29 239 130 
477 (0.000000,0.000000) 3 104 87 68 
135 (0.000000,0.000000) 3 323 290 420 
268 (0.000000,0.000000) 3 446 473 91 
141 (0.000000,0.000000) 3 383 142 194 
323 (0.000000,0.000000) 3 203 135 442 
130 (0.000000,0.000000) 3 409 69 194 
226 (0.000000,0.000000) 3 291 112 274 
455 (0.000000,0.000000) 3 377 201 145 
388 (0.000000,0.000000) 3 98 95 231 
224 (0.000000,0.000000) 3 358 377 33 
319 (0.000000,0.000000) 3 318 41 68 
142 (0.000000,0.000000) 3 141 72 481 
235 (0.000000,0.000000) 3 437 440 183 
386 (0.000000,0.000000) 3 289 174 54 
478 (0.000000,0.000000) 3 426 80 260 
335 (0.000000,0.000000) 3 446 33 415 
379 (0.000000,0.000000) 3 213 45 215 
207 (0.000000,0.000000) 3 413 175 119 
301 (0.000000,0.000000) 3 380 462 351 
9 (0.000000,0.000000) 3 406 259 13 
175 (0.000000,0.000000) 3 297 356 207 
251 (0.000000,0.000000) 3 249 181 432 
49 (0.000000,0.000000) 3 75 253 122 
81 (0.000000,0.000000) 3 189 95 6 
29 (0.000000,0.000000) 3 69 91 308 
316 (0.000000,0.000000) 3 322 169 204 
352 (0.000000,0.000000) 3 160 158 351 
445 (0.000000,0.000000) 3 156 104 137 
299 (0.000000,0.000000) 3 245 326 330 
38 (0.000000,0.000000) 3 216 326 109 
421 (0.000000,0.000000) 3 310 21 405 
435 (0.000000,0.000000) 3 358 481 183 
311 (0.000000,0.000000) 3 119 449 365 
156 (0.000000,0.000000) 3 331 445 220 
321 (0.000000,0.000000) 3 238 166 132 
240 (0.000000,0.000000) 3 20 218 262 
485 (0.000000,0.000000) 3 358 87 456 
7 (0.000000,0.000000) 3 72 185 221 
213 (0.000000,0.000000) 3 56 379 427 
426 (0.000000,0.000000) 3 266 75 478 
75 (0.000000,0.000000) 3 426 49 263 
44 (0.000000,0.000000) 3 356 51 489 
100 (0.000000,0.000000) 3 128 25 70 
383 (0.000000,0.000000) 3 89 141 464 
47 (0.000000,0.000000) 3 184 23 41 
127 (0.000000,0.000000) 3 48 322 80 
331 (0.000000,0.000000) 3 275 156 73 
216 (0.000000,0.000000) 3 38 402 260 
202 (0.000000,0.000000) 3 440 471 365 
377 (0.000000,0.000000) 3 161 224 455 
239 (0.000000,0.000000) 3 69 448 332 
128 (0.000000,0.000000) 3 160 100 273 
298 (0.000000,0.000000) 3 249 409 441 
25 (0.000000,0.000000) 3 100 318 217 
291 (0.000000,0.000000) 3 226 440 158 
305 (0.000000,0.000000) 3 154 459 373 
197 (0.000000,0.000000) 3 397 275 328 
289 (0.000000,0.000000) 3 386 332 208 
203 (0.000000,0.000000) 3 368 323 264 
356 (0.000000,0.000000) 3 44 175 247 
416 (0.000000,0.000000) 3 423 51 265 
459 (0.000000,0.000000) 3 305 52 428 
32 (0.000000,0.000000) 3 177 464 54 
78 (0.000000,0.000000) 3 452 215 236 
148 (0.000000,0.000000) 3 325 264 200 
238 (0.000000,0.000000) 3 413 321 363 
56 (0.000000,0.000000) 3 213 392 424 
161 (0.000000,0.000000) 3 377 390 465 
376 (0.000000,0.000000) 3 454 186 460 
160 (0.000000,0.000000) 3 128 352 460 
250 (0.000000,0.000000) 3 13 333 208 
166 (0.000000,0.000000) 3 211 321 430 
275 (0.000000,0.000000) 3 197 331 456 
229 (0.000000,0.000000) 3 196 428 6 
189 (0.000000,0.000000) 3 98 81 419 
174 (0.000000,0.000000) 3 386 146 329 
344 (0.000000,0.000000) 3 390 162 19 
89 (0.000000,0.000000) 3 383 353 473 
423 (0.000000,0.000000) 3 416 252 276 
154 (0.000000,0.000000) 3 98 305 464 
454 (0.000000,0.000000) 3 376 109 164 
317 (0.000000,0.000000) 3 407 456 480 
211 (0.000000,0.000000) 3 266 214 166 
125 (0.000000,0.000000) 3 23 46 286 
249 (0.000000,0.000000) 3 490 298 251 
177 (0.000000,0.000000) 3 32 401 188 
409 (0.000000,0.000000) 3 298 130 273 
452 (0.000000,0.000000) 3 78 425 286 
407 (0.000000,0.000000) 3 270 317 405 
214 (0.000000,0.000000) 3 350 211 146 
104 (0.000000,0.000000) 3 445 477 367 
255 (0.000000,0.000000) 3 325 146 365 
325 (0.000000,0.000000) 3 255 148 200 
245 (0.000000,0.000000) 3 299 52 480 
48 (0.000000,0.000000) 3 127 264 303 
368 (0.000000,0.000000) 3 203 353 473 
20 (0.000000,0.000000) 3 240 209 68 
201 (0.000000,0.000000) 3 287 455 276 
266 (0.000000,0.000000) 3 211 426 122 
370 (0.000000,0.000000) 3 45 465 72 
334 (0.000000,0.000000) 3 215 253 169 
350 (0.000000,0.000000) 3 214 45 303 
310 (0.000000,0.000000) 3 421 155 39 
283 (0.000000,0.000000) 3 448 260 132 
98 (0.000000,0.000000) 3 154 189 388 
358 (0.000000,0.000000) 3 485 435 224 
115 (0.000000,0.000000) 3 337 263 231 
16 (0.000000,0.000000) 3 131 292 471 
490 (0.000000,0.000000) 3 249 243 204 
446 (0.000000,0.000000) 3 184 335 268 
270 (0.000000,0.000000) 3 407 86 52 
184 (0.000000,0.000000) 3 446 47 145 
51 (0.000000,0.000000) 3 416 44 427 
222 (0.000000,0.000000) 3 367 369 424 
259 (0.000000,0.000000) 3 9 218 432 
59 (0.000000,0.000000) 3 123 427 480 
123 (0.000000,0.000000) 3 59 419 209 
193 (0.000000,0.000000) 3 190 324 339 
3 (0.000000,0.000000) 3 450 393 333 
117 (0.000000,0.000000) 3 106 411 257 
297 (0.000000,0.000000) 3 173 50 175 
362 (0.000000,0.000000) 3 304 210 295 
447 (0.000000,0.000000) 3 24 114 180 
256 (0.000000,0.000000) 3 176 374 474 
35 (0.000000,0.000000) 3 172 34 285 
438 (0.000000,0.000000) 3 71 486 294 
269 (0.000000,0.000000) 3 277 22 278 
118 (0.000000,0.000000) 3 4 110 293 
106 (0.000000,0.000000) 3 99 67 117 
483 (0.000000,0.000000) 3 2 195 339 
60 (0.000000,0.000000) 3 53 472 5 
187 (0.000000,0.000000) 3 27 293 139 
126 (0.000000,0.000000) 3 497 105 103 
230 (0.000000,0.000000) 3 271 320 22 
320 (0.000000,0.000000) 3 206 371 230 
82 (0.000000,0.000000) 3 97 227 151 
191 (0.000000,0.000000) 3 205 103 180 
99 (0.000000,0.000000) 3 284 422 106 
354 (0.000000,0.000000) 3 314 404 414 
28 (0.000000,0.000000) 3 105 484 324 
285 (0.000000,0.000000) 3 336 228 35 
62 (0.000000,0.000000) 3 36 439 227 
284 (0.000000,0.000000) 3 396 24 99 
96 (0.000000,0.000000) 3 94 248 313 
342 (0.000000,0.000000) 3 431 223 398 
102 (0.000000,0.000000) 3 349 468 279 
484 (0.000000,0.000000) 3 133 92 28 
277 (0.000000,0.000000) 3 97 348 269 
111 (0.000000,0.000000) 3 168 143 37 
375 (0.000000,0.000000) 3 199 384 474 
37 (0.000000,0.000000) 3 108 159 111 
138 (0.000000,0.000000) 3 488 491 345 
180 (0.000000,0.000000) 3 234 191 447 
233 (0.000000,0.000000) 3 422 129 83 
488 (0.000000,0.000000) 3 341 150 138 
10 (0.000000,0.000000) 3 173 242 257 
248 (0.000000,0.000000) 3 77 114 96 
461 (0.000000,0.000000) 3 374 212 399 
339 (0.000000,0.000000) 3 295 483 193 
314 (0.000000,0.000000) 3 120 315 354 
296 (0.000000,0.000000) 3 76 304 63 
258 (0.000000,0.000000) 3 134 341 254 
90 (0.000000,0.000000) 3 348 232 412 
397 (0.000000,0.000000) 3 359 451 197 
313 (0.000000,0.000000) 3 237 61 96 
463 (0.000000,0.000000) 3 396 210 312 
170 (0.000000,0.000000) 3 30 439 14 
152 (0.000000,0.000000) 3 271 144 157 
400 (0.000000,0.000000) 3 79 408 500 
88 (0.000000,0.000000) 3 309 136 237 
384 (0.000000,0.000000) 3 411 294 375 
347 (0.000000,0.000000) 3 341 451 499 
469 (0.000000,0.000000) 3 429 381 279 
173 (0.000000,0.000000) 3 467 10 297 
246 (0.000000,0.000000) 3 136 254 153 
93 (0.000000,0.000000) 3 443 372 439 
5 (0.000000,0.000000) 3 242 389 60 
414 (0.000000,0.000000) 3 55 34 354 
195 (0.000000,0.000000) 3 120 429 483 
232 (0.000000,0.000000) 3 458 85 90 
242 (0.000000,0.000000) 3 294 5 10 
272 (0.000000,0.000000) 3 398 42 76 
282 (0.000000,0.000000) 3 261 487 43 
64 (0.000000,0.000000) 3 479 172 114 
366 (0.000000,0.000000) 3 494 343 50 
398 (0.000000,0.000000) 3 30 272 342 
497 (0.000000,0.000000) 3 26 408 126 
343 (0.000000,0.000000) 3 472 134 366 
172 (0.000000,0.000000) 3 58 64 35 
85 (0.000000,0.000000) 3 77 429 232 
422 (0.000000,0.000000) 3 176 233 99 
97 (0.000000,0.000000) 3 468 277 82 
18 (0.000000,0.000000) 3 413 346 8 
434 (0.000000,0.000000) 3 288 53 24 
227 (0.000000,0.000000) 3 474 62 82 
92 (0.000000,0.000000) 3 244 496 484 
411 (0.000000,0.000000) 3 280 384 117 
120 (0.000000,0.000000) 3 404 195 314 
288 (0.000000,0.000000) 3 500 40 434 
237 (0.000000,0.000000) 3 94 88 313 
336 (0.000000,0.000000) 3 133 349 285 
103 (0.000000,0.000000) 3 280 191 126 
457 (0.000000,0.000000) 3 65 15 178 
472 (0.000000,0.000000) 3 110 343 60 
257 (0.000000,0.000000) 3 360 10 117 
429 (0.000000,0.000000) 3 85 195 469 
349 (0.000000,0.000000) 3 361 336 102 
241 (0.000000,0.000000) 3 443 394 302 
71 (0.000000,0.000000) 3 66 271 438 
487 (0.000000,0.000000) 3 278 157 282 
50 (0.000000,0.000000) 3 53 366 297 
294 (0.000000,0.000000) 3 242 384 438 
24 (0.000000,0.000000) 3 434 284 447 
22 (0.000000,0.000000) 3 212 230 269 
150 (0.000000,0.000000) 3 228 176 488 
94 (0.000000,0.000000) 3 159 237 96 
83 (0.000000,0.000000) 3 129 381 233 
371 (0.000000,0.000000) 3 278 320 109 
324 (0.000000,0.000000) 3 391 28 193 
493 (0.000000,0.000000) 3 450 108 468 
210 (0.000000,0.000000) 3 496 463 362 
355 (0.000000,0.000000) 3 389 327 408 
450 (0.000000,0.000000) 3 372 493 3 
492 (0.000000,0.000000) 3 500 17 31 
65 (0.000000,0.000000) 3 418 364 457 
302 (0.000000,0.000000) 3 475 304 241 
143 (0.000000,0.000000) 3 124 453 111 
63 (0.000000,0.000000) 3 360 66 296 
58 (0.000000,0.000000) 3 389 34 172 
474 (0.000000,0.000000) 3 227 375 256 
410 (0.000000,0.000000) 3 190 30 42 
372 (0.000000,0.000000) 3 121 450 93 
309 (0.000000,0.000000) 3 498 374 88 
281 (0.000000,0.000000) 3 101 171 40 
312 (0.000000,0.000000) 3 8 147 463 
101 (0.000000,0.000000) 3 192 57 281 
391 (0.000000,0.000000) 3 1 4 324 
139 (0.000000,0.000000) 3 133 17 187 
219 (0.000000,0.000000) 3 151 491 361 
486 (0.000000,0.000000) 3 1 279 438 
42 (0.000000,0.000000) 3 345 410 272 
451 (0.000000,0.000000) 3 458 347 397 
74 (0.000000,0.000000) 3 199 223 326 
491 (0.000000,0.000000) 3 196 219 138 
306 (0.000000,0.000000) 3 147 43 382 
436 (0.000000,0.000000) 3 61 14 443 
134 (0.000000,0.000000) 3 482 343 258 
467 (0.000000,0.000000) 3 165 173 225 
205 (0.000000,0.000000) 3 206 261 191 
171 (0.000000,0.000000) 3 395 124 281 
76 (0.000000,0.000000) 3 66 272 296 
15 (0.000000,0.000000) 3 167 165 457 
17 (0.000000,0.000000) 3 27 139 492 
136 (0.000000,0.000000) 3 403 246 88 
418 (0.000000,0.000000) 3 387 431 65 
374 (0.000000,0.000000) 3 309 461 256 
453 (0.000000,0.000000) 3 55 234 143 
1 (0.000000,0.000000) 3 387 486 391 
67 (0.000000,0.000000) 3 36 165 106 
279 (0.000000,0.000000) 3 486 469 102 
500 (0.000000,0.000000) 3 492 288 400 
304 (0.000000,0.000000) 3 302 296 362 
475 (0.000000,0.000000) 3 36 167 302 
159 (0.000000,0.000000) 3 144 94 37 
151 (0.000000,0.000000) 3 79 219 82 
361 (0.000000,0.000000) 3 394 219 349 
110 (0.000000,0.000000) 3 267 472 118 
364 (0.000000,0.000000) 3 149 498 65 
494 (0.000000,0.000000) 3 393 4 366 
327 (0.000000,0.000000) 3 495 149 355 
77 (0.000000,0.000000) 3 261 85 248 
27 (0.000000,0.000000) 3 412 17 187 
113 (0.000000,0.000000) 3 399 168 198 
176 (0.000000,0.000000) 3 150 422 256 
157 (0.000000,0.000000) 3 108 487 152 
79 (0.000000,0.000000) 3 153 151 400 
124 (0.000000,0.000000) 3 192 171 143 
261 (0.000000,0.000000) 3 77 205 282 
443 (0.000000,0.000000) 3 436 241 93 
385 (0.000000,0.000000) 3 105 496 220 
479 (0.000000,0.000000) 3 84 196 64 
206 (0.000000,0.000000) 3 395 205 320 
14 (0.000000,0.000000) 3 359 436 170 
359 (0.000000,0.000000) 3 396 14 397 
496 (0.000000,0.000000) 3 385 210 92 
244 (0.000000,0.000000) 3 31 11 92 
287 (0.000000,0.000000) 3 300 412 201 
466 (0.000000,0.000000) 3 433 84 405 
105 (0.000000,0.000000) 3 385 28 126 
163 (0.000000,0.000000) 3 433 406 280 
254 (0.000000,0.000000) 3 346 246 258 
121 (0.000000,0.000000) 3 57 2 372 
439 (0.000000,0.000000) 3 93 170 62 
66 (0.000000,0.000000) 3 76 63 71 
412 (0.000000,0.000000) 3 287 27 90 
396 (0.000000,0.000000) 3 359 463 284 
165 (0.000000,0.000000) 3 67 15 467 
228 (0.000000,0.000000) 3 150 285 392 
4 (0.000000,0.000000) 3 494 391 118 
495 (0.000000,0.000000) 3 199 357 327 
394 (0.000000,0.000000) 3 192 361 241 
40 (0.000000,0.000000) 3 348 281 288 
26 (0.000000,0.000000) 3 11 403 497 
498 (0.000000,0.000000) 3 57 364 309 
36 (0.000000,0.000000) 3 475 67 62 
433 (0.000000,0.000000) 3 387 163 466 
293 (0.000000,0.000000) 3 346 187 118 
357 (0.000000,0.000000) 3 84 212 495 
499 (0.000000,0.000000) 3 149 61 347 
31 (0.000000,0.000000) 3 482 244 492 
34 (0.000000,0.000000) 3 58 414 35 
114 (0.000000,0.000000) 3 64 248 447 
381 (0.000000,0.000000) 3 315 83 469 
389 (0.000000,0.000000) 3 58 355 5 
341 (0.000000,0.000000) 3 347 258 488 
468 (0.000000,0.000000) 3 493 97 102 
8 (0.000000,0.000000) 3 431 312 18 
404 (0.000000,0.000000) 3 190 120 354 
482 (0.000000,0.000000) 3 345 31 134 
168 (0.000000,0.000000) 3 295 113 111 
2 (0.000000,0.000000) 3 129 121 483 
300 (0.000000,0.000000) 3 403 267 287 
199 (0.000000,0.000000) 3 495 74 375 
57 (0.000000,0.000000) 3 498 121 101 
153 (0.000000,0.000000) 3 399 79 246 
178 (0.000000,0.000000) 3 43 457 182 
413 (0.000000,0.000000) 3 18 238 207 
348 (0.000000,0.000000) 3 40 90 277 
345 (0.000000,0.000000) 3 482 42 138 
271 (0.000000,0.000000) 3 71 152 230 
393 (0.000000,0.000000) 3 267 494 3 
190 (0.000000,0.000000) 3 404 410 193 
147 (0.000000,0.000000) 3 223 306 312 
212 (0.000000,0.000000) 3 357 22 461 
61 (0.000000,0.000000) 3 499 436 313 
431 (0.000000,0.000000) 3 8 418 342 
43 (0.000000,0.000000) 3 178 306 282 
133 (0.000000,0.000000) 3 139 336 484 
11 (0.000000,0.000000) 3 406 26 244 
408 (0.000000,0.000000) 3 355 497 400 
315 (0.000000,0.000000) 3 198 381 314 
144 (0.000000,0.000000) 3 167 159 152 
53 (0.000000,0.000000) 3 50 434 60 
346 (0.000000,0.000000) 3 293 254 18 
55 (0.000000,0.000000) 3 198 453 414 
395 (0.000000,0.000000) 3 458 206 171 
167 (0.000000,0.000000) 3 144 475 15 
406 (0.000000,0.000000) 3 11 163 9 
267 (0.000000,0.000000) 3 393 300 110 
192 (0.000000,0.000000) 3 394 124 101 
223 (0.000000,0.000000) 3 147 74 342 
108 (0.000000,0.000000) 3 157 493 37 
196 (0.000000,0.000000) 3 479 491 229 
458 (0.000000,0.000000) 3 395 451 232 
280 (0.000000,0.000000) 3 163 103 411 
30 (0.000000,0.000000) 3 410 398 170 
387 (0.000000,0.000000) 3 433 1 418 
234 (0.000000,0.000000) 3 360 453 180 
399 (0.000000,0.000000) 3 153 113 461 
84 (0.000000,0.000000) 3 357 466 479 
360 (0.000000,0.000000) 3 234 63 257 
278 (0.000000,0.000000) 3 371 487 269 
198 (0.000000,0.000000) 3 55 315 113 
149 (0.000000,0.000000) 3 499 327 364 
295 (0.000000,0.000000) 3 168 339 362 
403 (0.000000,0.000000) 3 300 26 136 
129 (0.000000,0.000000) 3 2 83 233 
