54 (0.000000,0.000000) 3 239 303 186 
415 (0.000000,0.000000) 3 226 86 207 
328 (0.000000,0.000000) 3 239 52 128 
303 (0.000000,0.000000) 3 378 231 54 
132 (0.000000,0.000000) 3 265 185 420 
286 (0.000000,0.000000) 3 253 460 100 
231 (0.000000,0.000000) 3 70 480 303 
12 (0.000000,0.000000) 3 351 51 188 
68 (0.000000,0.000000) 3 41 145 262 
351 (0.000000,0.000000) 3 190 262 12 
308 (0.000000,0.000000) 3 174 481 319 
340 (0.000000,0.000000) 3 445 123 107 
430 (0.000000,0.000000) 3 485 325 194 
217 (0.000000,0.000000) 3 367 268 39 
480 (0.000000,0.000000) 3 80 235 231 
204 (0.000000,0.000000) 3 161 56 215 
200 (0.000000,0.000000) 3 365 337 273 
91 (0.000000,0.000000) 3 247 260 427 
441 (0.000000,0.000000) 3 377 115 238 
427 (0.000000,0.000000) 3 197 330 91 
33 (0.000000,0.000000) 3 485 353 216 
330 (0.000000,0.000000) 3 48 194 427 
183 (0.000000,0.000000) 3 127 240 456 
265 (0.000000,0.000000) 3 253 32 132 
116 (0.000000,0.000000) 3 454 333 323 
462 (0.000000,0.000000) 3 86 39 179 
274 (0.000000,0.000000) 3 208 262 344 
276 (0.000000,0.000000) 3 407 89 471 
39 (0.000000,0.000000) 3 331 462 217 
424 (0.000000,0.000000) 3 292 162 59 
41 (0.000000,0.000000) 3 344 156 68 
444 (0.000000,0.000000) 3 307 186 220 
338 (0.000000,0.000000) 3 281 78 109 
369 (0.000000,0.000000) 3 155 215 377 
247 (0.000000,0.000000) 3 428 370 91 
470 (0.000000,0.000000) 3 275 407 38 
6 (0.000000,0.000000) 3 59 376 107 
329 (0.000000,0.000000) 3 240 209 311 
481 (0.000000,0.000000) 3 440 182 308 
425 (0.000000,0.000000) 3 318 326 87 
179 (0.000000,0.000000) 3 160 310 462 
140 (0.000000,0.000000) 3 243 319 266 
264 (0.000000,0.000000) 3 435 490 221 
460 (0.000000,0.000000) 3 7 459 286 
208 (0.000000,0.000000) 3 122 23 274 
243 (0.000000,0.000000) 3 9 202 140 
164 (0.000000,0.000000) 3 51 442 123 
260 (0.000000,0.000000) 3 419 125 91 
333 (0.000000,0.000000) 3 25 239 116 
456 (0.000000,0.000000) 3 135 95 183 
186 (0.000000,0.000000) 3 166 444 54 
137 (0.000000,0.000000) 3 130 81 245 
221 (0.000000,0.000000) 3 413 185 264 
252 (0.000000,0.000000) 3 356 16 48 
182 (0.000000,0.000000) 3 423 72 481 
107 (0.000000,0.000000) 3 166 6 340 
380 (0.000000,0.000000) 3 452 435 283 
220 (0.000000,0.000000) 3 127 250 444 
382 (0.000000,0.000000) 3 157 445 298 
420 (0.000000,0.000000) 3 141 259 132 
262 (0.000000,0.000000) 3 274 351 68 
145 (0.000000,0.000000) 3 211 174 68 
442 (0.000000,0.000000) 3 352 318 164 
373 (0.000000,0.000000) 3 46 378 446 
70 (0.000000,0.000000) 3 211 291 231 
473 (0.000000,0.000000) 3 104 251 224 
365 (0.000000,0.000000) 3 401 142 200 
185 (0.000000,0.000000) 3 263 221 132 
432 (0.000000,0.000000) 3 392 224 489 
428 (0.000000,0.000000) 3 155 268 247 
95 (0.000000,0.000000) 3 169 80 456 
112 (0.000000,0.000000) 3 166 38 331 
402 (0.000000,0.000000) 3 417 69 298 
181 (0.000000,0.000000) 3 118 162 291 
13 (0.000000,0.000000) 3 99 448 218 
290 (0.000000,0.000000) 3 156 38 417 
122 (0.000000,0.000000) 3 459 32 208 
471 (0.000000,0.000000) 3 363 322 276 
169 (0.000000,0.000000) 3 175 335 95 
194 (0.000000,0.000000) 3 440 330 430 
353 (0.000000,0.000000) 3 335 405 33 
209 (0.000000,0.000000) 3 98 47 329 
72 (0.000000,0.000000) 3 321 390 182 
80 (0.000000,0.000000) 3 316 95 480 
322 (0.000000,0.000000) 3 226 156 471 
464 (0.000000,0.000000) 3 201 249 29 
225 (0.000000,0.000000) 3 318 332 146 
263 (0.000000,0.000000) 3 409 214 185 
188 (0.000000,0.000000) 3 327 226 12 
146 (0.000000,0.000000) 3 375 316 225 
87 (0.000000,0.000000) 3 416 160 425 
52 (0.000000,0.000000) 3 238 392 328 
19 (0.000000,0.000000) 3 222 240 299 
476 (0.000000,0.000000) 3 142 236 161 
109 (0.000000,0.000000) 3 421 29 338 
465 (0.000000,0.000000) 3 368 370 130 
158 (0.000000,0.000000) 3 446 207 21 
73 (0.000000,0.000000) 3 307 363 251 
367 (0.000000,0.000000) 3 235 317 217 
378 (0.000000,0.000000) 3 449 373 303 
253 (0.000000,0.000000) 3 177 265 286 
405 (0.000000,0.000000) 3 279 119 353 
318 (0.000000,0.000000) 3 225 442 425 
46 (0.000000,0.000000) 3 454 75 373 
292 (0.000000,0.000000) 3 490 78 424 
236 (0.000000,0.000000) 3 363 160 476 
215 (0.000000,0.000000) 3 222 369 204 
337 (0.000000,0.000000) 3 484 307 200 
440 (0.000000,0.000000) 3 477 194 481 
155 (0.000000,0.000000) 3 477 428 369 
45 (0.000000,0.000000) 3 388 299 75 
363 (0.000000,0.000000) 3 236 73 471 
86 (0.000000,0.000000) 3 47 462 415 
218 (0.000000,0.000000) 3 216 423 13 
326 (0.000000,0.000000) 3 388 401 425 
162 (0.000000,0.000000) 3 16 181 424 
332 (0.000000,0.000000) 3 448 452 225 
307 (0.000000,0.000000) 3 337 73 444 
419 (0.000000,0.000000) 3 376 250 260 
417 (0.000000,0.000000) 3 446 290 402 
489 (0.000000,0.000000) 3 250 189 432 
437 (0.000000,0.000000) 3 189 301 316 
392 (0.000000,0.000000) 3 356 52 432 
449 (0.000000,0.000000) 3 20 224 378 
401 (0.000000,0.000000) 3 448 326 365 
21 (0.000000,0.000000) 3 229 423 158 
119 (0.000000,0.000000) 3 383 100 405 
131 (0.000000,0.000000) 3 386 154 477 
273 (0.000000,0.000000) 3 488 301 200 
23 (0.000000,0.000000) 3 388 344 208 
448 (0.000000,0.000000) 3 401 332 13 
390 (0.000000,0.000000) 3 426 455 72 
69 (0.000000,0.000000) 3 59 409 402 
477 (0.000000,0.000000) 3 131 155 440 
135 (0.000000,0.000000) 3 124 201 456 
268 (0.000000,0.000000) 3 56 428 217 
141 (0.000000,0.000000) 3 266 311 420 
323 (0.000000,0.000000) 3 289 7 116 
130 (0.000000,0.000000) 3 321 465 137 
226 (0.000000,0.000000) 3 188 322 415 
455 (0.000000,0.000000) 3 335 184 390 
388 (0.000000,0.000000) 3 23 326 45 
224 (0.000000,0.000000) 3 449 432 473 
319 (0.000000,0.000000) 3 214 140 308 
142 (0.000000,0.000000) 3 98 476 365 
235 (0.000000,0.000000) 3 233 367 480 
386 (0.000000,0.000000) 3 25 125 131 
478 (0.000000,0.000000) 3 376 44 29 
335 (0.000000,0.000000) 3 455 353 169 
379 (0.000000,0.000000) 3 202 358 128 
207 (0.000000,0.000000) 3 266 158 415 
301 (0.000000,0.000000) 3 203 273 437 
9 (0.000000,0.000000) 3 299 270 243 
175 (0.000000,0.000000) 3 352 44 169 
251 (0.000000,0.000000) 3 452 73 473 
49 (0.000000,0.000000) 3 148 352 213 
81 (0.000000,0.000000) 3 148 255 137 
29 (0.000000,0.000000) 3 478 109 464 
316 (0.000000,0.000000) 3 437 146 80 
352 (0.000000,0.000000) 3 49 175 442 
445 (0.000000,0.000000) 3 370 382 340 
299 (0.000000,0.000000) 3 9 45 19 
38 (0.000000,0.000000) 3 290 112 470 
421 (0.000000,0.000000) 3 213 317 109 
435 (0.000000,0.000000) 3 78 380 264 
311 (0.000000,0.000000) 3 275 141 329 
156 (0.000000,0.000000) 3 322 290 41 
321 (0.000000,0.000000) 3 161 130 72 
240 (0.000000,0.000000) 3 19 329 183 
485 (0.000000,0.000000) 3 305 33 430 
7 (0.000000,0.000000) 3 275 323 460 
213 (0.000000,0.000000) 3 174 421 49 
426 (0.000000,0.000000) 3 203 177 390 
75 (0.000000,0.000000) 3 310 45 46 
44 (0.000000,0.000000) 3 255 175 478 
100 (0.000000,0.000000) 3 350 119 286 
383 (0.000000,0.000000) 3 490 289 119 
47 (0.000000,0.000000) 3 291 86 209 
127 (0.000000,0.000000) 3 149 220 183 
331 (0.000000,0.000000) 3 214 112 39 
216 (0.000000,0.000000) 3 259 218 33 
202 (0.000000,0.000000) 3 98 379 243 
377 (0.000000,0.000000) 3 368 369 441 
239 (0.000000,0.000000) 3 333 328 54 
128 (0.000000,0.000000) 3 334 379 328 
298 (0.000000,0.000000) 3 350 402 382 
25 (0.000000,0.000000) 3 270 386 333 
291 (0.000000,0.000000) 3 47 181 70 
305 (0.000000,0.000000) 3 20 255 485 
197 (0.000000,0.000000) 3 123 249 427 
289 (0.000000,0.000000) 3 115 383 323 
203 (0.000000,0.000000) 3 249 426 301 
356 (0.000000,0.000000) 3 125 392 252 
416 (0.000000,0.000000) 3 32 368 87 
459 (0.000000,0.000000) 3 16 122 460 
32 (0.000000,0.000000) 3 416 122 265 
78 (0.000000,0.000000) 3 435 292 338 
148 (0.000000,0.000000) 3 451 81 49 
238 (0.000000,0.000000) 3 245 52 441 
56 (0.000000,0.000000) 3 283 268 204 
161 (0.000000,0.000000) 3 321 476 204 
376 (0.000000,0.000000) 3 478 419 6 
160 (0.000000,0.000000) 3 236 87 179 
250 (0.000000,0.000000) 3 489 419 220 
166 (0.000000,0.000000) 3 112 107 186 
275 (0.000000,0.000000) 3 7 311 470 
229 (0.000000,0.000000) 3 104 325 21 
189 (0.000000,0.000000) 3 48 437 489 
174 (0.000000,0.000000) 3 213 145 308 
344 (0.000000,0.000000) 3 23 41 274 
89 (0.000000,0.000000) 3 317 115 276 
423 (0.000000,0.000000) 3 21 218 182 
154 (0.000000,0.000000) 3 334 407 131 
454 (0.000000,0.000000) 3 310 46 116 
317 (0.000000,0.000000) 3 89 421 367 
211 (0.000000,0.000000) 3 177 70 145 
125 (0.000000,0.000000) 3 356 386 260 
249 (0.000000,0.000000) 3 203 197 464 
177 (0.000000,0.000000) 3 211 426 253 
409 (0.000000,0.000000) 3 51 69 263 
452 (0.000000,0.000000) 3 251 332 380 
407 (0.000000,0.000000) 3 154 470 276 
214 (0.000000,0.000000) 3 331 319 263 
104 (0.000000,0.000000) 3 232 229 473 
255 (0.000000,0.000000) 3 305 44 81 
325 (0.000000,0.000000) 3 358 229 430 
245 (0.000000,0.000000) 3 147 238 137 
48 (0.000000,0.000000) 3 189 252 330 
368 (0.000000,0.000000) 3 416 377 465 
20 (0.000000,0.000000) 3 500 305 449 
201 (0.000000,0.000000) 3 350 135 464 
266 (0.000000,0.000000) 3 207 141 140 
370 (0.000000,0.000000) 3 445 465 247 
334 (0.000000,0.000000) 3 133 154 128 
350 (0.000000,0.000000) 3 201 298 100 
310 (0.000000,0.000000) 3 454 75 179 
283 (0.000000,0.000000) 3 259 56 380 
98 (0.000000,0.000000) 3 202 142 209 
358 (0.000000,0.000000) 3 184 325 379 
115 (0.000000,0.000000) 3 89 289 441 
16 (0.000000,0.000000) 3 459 162 252 
490 (0.000000,0.000000) 3 383 292 264 
446 (0.000000,0.000000) 3 417 158 373 
270 (0.000000,0.000000) 3 184 25 9 
184 (0.000000,0.000000) 3 270 358 455 
51 (0.000000,0.000000) 3 409 164 12 
222 (0.000000,0.000000) 3 237 215 19 
259 (0.000000,0.000000) 3 283 216 420 
59 (0.000000,0.000000) 3 69 6 424 
123 (0.000000,0.000000) 3 197 164 340 
193 (0.000000,0.000000) 3 110 396 397 
3 (0.000000,0.000000) 3 149 2 483 
117 (0.000000,0.000000) 3 389 366 58 
297 (0.000000,0.000000) 3 152 418 256 
362 (0.000000,0.000000) 3 246 53 384 
447 (0.000000,0.000000) 3 272 143 144 
256 (0.000000,0.000000) 3 342 339 297 
35 (0.000000,0.000000) 3 309 257 403 
438 (0.000000,0.000000) 3 269 118 198 
269 (0.000000,0.000000) 3 487 97 438 
118 (0.000000,0.000000) 3 134 438 181 
106 (0.000000,0.000000) 3 398 364 153 
483 (0.000000,0.000000) 3 40 66 3 
60 (0.000000,0.000000) 3 101 173 431 
187 (0.000000,0.000000) 3 90 96 76 
126 (0.000000,0.000000) 3 42 387 242 
230 (0.000000,0.000000) 3 315 372 498 
320 (0.000000,0.000000) 3 466 488 439 
82 (0.000000,0.000000) 3 11 280 212 
191 (0.000000,0.000000) 3 254 345 397 
99 (0.000000,0.000000) 3 151 66 13 
354 (0.000000,0.000000) 3 210 199 364 
28 (0.000000,0.000000) 3 227 163 102 
285 (0.000000,0.000000) 3 399 248 500 
62 (0.000000,0.000000) 3 105 178 313 
284 (0.000000,0.000000) 3 479 296 138 
96 (0.000000,0.000000) 3 102 431 187 
342 (0.000000,0.000000) 3 233 10 256 
102 (0.000000,0.000000) 3 110 96 28 
484 (0.000000,0.000000) 3 64 347 337 
277 (0.000000,0.000000) 3 167 491 434 
111 (0.000000,0.000000) 3 223 176 295 
375 (0.000000,0.000000) 3 355 206 146 
37 (0.000000,0.000000) 3 349 385 65 
138 (0.000000,0.000000) 3 482 159 284 
180 (0.000000,0.000000) 3 294 282 77 
233 (0.000000,0.000000) 3 172 342 235 
488 (0.000000,0.000000) 3 336 320 273 
10 (0.000000,0.000000) 3 257 34 342 
248 (0.000000,0.000000) 3 195 1 285 
461 (0.000000,0.000000) 3 27 458 124 
339 (0.000000,0.000000) 3 120 395 256 
314 (0.000000,0.000000) 3 360 114 18 
296 (0.000000,0.000000) 3 196 385 284 
258 (0.000000,0.000000) 3 398 414 36 
90 (0.000000,0.000000) 3 324 205 187 
397 (0.000000,0.000000) 3 42 191 193 
313 (0.000000,0.000000) 3 228 418 62 
463 (0.000000,0.000000) 3 357 83 64 
170 (0.000000,0.000000) 3 42 497 77 
152 (0.000000,0.000000) 3 79 27 297 
400 (0.000000,0.000000) 3 79 163 2 
88 (0.000000,0.000000) 3 281 261 58 
384 (0.000000,0.000000) 3 453 55 362 
347 (0.000000,0.000000) 3 199 306 484 
469 (0.000000,0.000000) 3 50 486 300 
173 (0.000000,0.000000) 3 393 336 60 
246 (0.000000,0.000000) 3 396 232 362 
93 (0.000000,0.000000) 3 144 451 5 
5 (0.000000,0.000000) 3 43 24 93 
414 (0.000000,0.000000) 3 271 150 258 
195 (0.000000,0.000000) 3 361 450 248 
232 (0.000000,0.000000) 3 11 246 104 
242 (0.000000,0.000000) 3 366 398 126 
272 (0.000000,0.000000) 3 94 349 447 
282 (0.000000,0.000000) 3 288 496 180 
64 (0.000000,0.000000) 3 121 463 484 
366 (0.000000,0.000000) 3 113 242 117 
398 (0.000000,0.000000) 3 242 258 106 
497 (0.000000,0.000000) 3 171 499 170 
343 (0.000000,0.000000) 3 381 300 399 
172 (0.000000,0.000000) 3 395 178 233 
85 (0.000000,0.000000) 3 43 472 168 
422 (0.000000,0.000000) 3 371 108 406 
97 (0.000000,0.000000) 3 133 57 269 
18 (0.000000,0.000000) 3 412 315 314 
434 (0.000000,0.000000) 3 84 24 277 
227 (0.000000,0.000000) 3 67 159 28 
92 (0.000000,0.000000) 3 114 372 466 
411 (0.000000,0.000000) 3 67 31 486 
120 (0.000000,0.000000) 3 433 43 339 
288 (0.000000,0.000000) 3 429 458 282 
237 (0.000000,0.000000) 3 22 113 222 
336 (0.000000,0.000000) 3 206 173 488 
103 (0.000000,0.000000) 3 496 360 171 
457 (0.000000,0.000000) 3 133 77 295 
472 (0.000000,0.000000) 3 312 17 85 
257 (0.000000,0.000000) 3 63 10 35 
429 (0.000000,0.000000) 3 306 492 288 
349 (0.000000,0.000000) 3 17 272 37 
241 (0.000000,0.000000) 3 493 196 192 
71 (0.000000,0.000000) 3 410 26 165 
487 (0.000000,0.000000) 3 151 26 269 
50 (0.000000,0.000000) 3 453 391 469 
294 (0.000000,0.000000) 3 467 500 180 
24 (0.000000,0.000000) 3 381 434 5 
22 (0.000000,0.000000) 3 493 403 237 
150 (0.000000,0.000000) 3 163 279 414 
94 (0.000000,0.000000) 3 58 55 272 
83 (0.000000,0.000000) 3 199 302 463 
371 (0.000000,0.000000) 3 468 267 422 
324 (0.000000,0.000000) 3 212 11 90 
493 (0.000000,0.000000) 3 304 22 241 
210 (0.000000,0.000000) 3 359 374 354 
355 (0.000000,0.000000) 3 113 15 375 
450 (0.000000,0.000000) 3 101 433 195 
492 (0.000000,0.000000) 3 439 436 429 
65 (0.000000,0.000000) 3 31 17 37 
302 (0.000000,0.000000) 3 190 475 83 
143 (0.000000,0.000000) 3 491 34 447 
63 (0.000000,0.000000) 3 467 499 257 
58 (0.000000,0.000000) 3 94 88 117 
474 (0.000000,0.000000) 3 495 346 4 
410 (0.000000,0.000000) 3 176 76 71 
372 (0.000000,0.000000) 3 1 92 230 
309 (0.000000,0.000000) 3 408 8 35 
281 (0.000000,0.000000) 3 361 88 338 
312 (0.000000,0.000000) 3 346 4 472 
101 (0.000000,0.000000) 3 228 450 60 
391 (0.000000,0.000000) 3 393 1 50 
139 (0.000000,0.000000) 3 406 404 499 
219 (0.000000,0.000000) 3 61 403 234 
486 (0.000000,0.000000) 3 327 411 469 
42 (0.000000,0.000000) 3 170 397 126 
451 (0.000000,0.000000) 3 495 93 148 
74 (0.000000,0.000000) 3 389 345 381 
491 (0.000000,0.000000) 3 482 143 277 
306 (0.000000,0.000000) 3 267 429 347 
436 (0.000000,0.000000) 3 393 144 492 
134 (0.000000,0.000000) 3 76 108 118 
467 (0.000000,0.000000) 3 468 63 294 
205 (0.000000,0.000000) 3 129 244 90 
171 (0.000000,0.000000) 3 57 103 497 
76 (0.000000,0.000000) 3 134 410 187 
15 (0.000000,0.000000) 3 479 348 355 
17 (0.000000,0.000000) 3 65 349 472 
136 (0.000000,0.000000) 3 153 198 84 
418 (0.000000,0.000000) 3 341 313 297 
374 (0.000000,0.000000) 3 55 293 210 
453 (0.000000,0.000000) 3 30 50 384 
1 (0.000000,0.000000) 3 391 372 248 
67 (0.000000,0.000000) 3 165 411 227 
279 (0.000000,0.000000) 3 280 150 405 
500 (0.000000,0.000000) 3 294 285 20 
304 (0.000000,0.000000) 3 458 293 493 
475 (0.000000,0.000000) 3 61 192 302 
159 (0.000000,0.000000) 3 271 227 138 
151 (0.000000,0.000000) 3 212 487 99 
361 (0.000000,0.000000) 3 408 281 195 
110 (0.000000,0.000000) 3 498 102 193 
364 (0.000000,0.000000) 3 443 354 106 
494 (0.000000,0.000000) 3 36 287 14 
327 (0.000000,0.000000) 3 394 486 188 
77 (0.000000,0.000000) 3 457 170 180 
27 (0.000000,0.000000) 3 223 152 461 
113 (0.000000,0.000000) 3 355 237 366 
176 (0.000000,0.000000) 3 147 410 111 
157 (0.000000,0.000000) 3 206 443 382 
79 (0.000000,0.000000) 3 412 400 152 
124 (0.000000,0.000000) 3 261 461 135 
261 (0.000000,0.000000) 3 168 124 88 
443 (0.000000,0.000000) 3 153 157 364 
385 (0.000000,0.000000) 3 2 296 37 
479 (0.000000,0.000000) 3 278 15 284 
206 (0.000000,0.000000) 3 157 336 375 
14 (0.000000,0.000000) 3 254 348 494 
359 (0.000000,0.000000) 3 468 129 210 
496 (0.000000,0.000000) 3 300 103 282 
244 (0.000000,0.000000) 3 105 8 205 
287 (0.000000,0.000000) 3 198 341 494 
466 (0.000000,0.000000) 3 30 92 320 
105 (0.000000,0.000000) 3 395 244 62 
163 (0.000000,0.000000) 3 150 400 28 
254 (0.000000,0.000000) 3 40 14 191 
121 (0.000000,0.000000) 3 129 196 64 
439 (0.000000,0.000000) 3 498 492 320 
66 (0.000000,0.000000) 3 404 99 483 
412 (0.000000,0.000000) 3 40 79 18 
396 (0.000000,0.000000) 3 346 246 193 
165 (0.000000,0.000000) 3 53 67 71 
228 (0.000000,0.000000) 3 433 101 313 
4 (0.000000,0.000000) 3 394 312 474 
495 (0.000000,0.000000) 3 84 451 474 
394 (0.000000,0.000000) 3 357 4 327 
40 (0.000000,0.000000) 3 412 254 483 
26 (0.000000,0.000000) 3 149 487 71 
498 (0.000000,0.000000) 3 439 110 230 
36 (0.000000,0.000000) 3 315 494 258 
433 (0.000000,0.000000) 3 228 450 120 
293 (0.000000,0.000000) 3 406 304 374 
357 (0.000000,0.000000) 3 280 394 463 
499 (0.000000,0.000000) 3 139 63 497 
31 (0.000000,0.000000) 3 408 65 411 
34 (0.000000,0.000000) 3 190 143 10 
114 (0.000000,0.000000) 3 61 92 314 
381 (0.000000,0.000000) 3 74 24 343 
389 (0.000000,0.000000) 3 167 74 117 
341 (0.000000,0.000000) 3 348 287 418 
468 (0.000000,0.000000) 3 359 467 371 
8 (0.000000,0.000000) 3 168 244 309 
404 (0.000000,0.000000) 3 360 66 139 
482 (0.000000,0.000000) 3 234 491 138 
168 (0.000000,0.000000) 3 8 261 85 
2 (0.000000,0.000000) 3 385 400 3 
300 (0.000000,0.000000) 3 496 343 469 
199 (0.000000,0.000000) 3 83 347 354 
57 (0.000000,0.000000) 3 413 171 97 
153 (0.000000,0.000000) 3 443 136 106 
178 (0.000000,0.000000) 3 295 172 62 
413 (0.000000,0.000000) 3 108 57 221 
348 (0.000000,0.000000) 3 341 14 15 
345 (0.000000,0.000000) 3 223 74 191 
271 (0.000000,0.000000) 3 399 159 414 
393 (0.000000,0.000000) 3 436 391 173 
190 (0.000000,0.000000) 3 34 302 351 
147 (0.000000,0.000000) 3 387 176 245 
212 (0.000000,0.000000) 3 151 324 82 
61 (0.000000,0.000000) 3 114 475 219 
431 (0.000000,0.000000) 3 167 96 60 
43 (0.000000,0.000000) 3 120 85 5 
133 (0.000000,0.000000) 3 457 97 334 
11 (0.000000,0.000000) 3 324 232 82 
408 (0.000000,0.000000) 3 31 361 309 
315 (0.000000,0.000000) 3 36 18 230 
144 (0.000000,0.000000) 3 436 93 447 
53 (0.000000,0.000000) 3 234 165 362 
346 (0.000000,0.000000) 3 396 312 474 
55 (0.000000,0.000000) 3 374 94 384 
395 (0.000000,0.000000) 3 105 172 339 
167 (0.000000,0.000000) 3 431 389 277 
406 (0.000000,0.000000) 3 293 139 422 
267 (0.000000,0.000000) 3 30 306 371 
192 (0.000000,0.000000) 3 278 475 241 
223 (0.000000,0.000000) 3 345 27 111 
108 (0.000000,0.000000) 3 413 134 422 
196 (0.000000,0.000000) 3 121 241 296 
458 (0.000000,0.000000) 3 304 288 461 
280 (0.000000,0.000000) 3 357 279 82 
30 (0.000000,0.000000) 3 267 466 453 
387 (0.000000,0.000000) 3 278 147 126 
234 (0.000000,0.000000) 3 53 482 219 
399 (0.000000,0.000000) 3 271 343 285 
84 (0.000000,0.000000) 3 495 136 434 
360 (0.000000,0.000000) 3 404 103 314 
278 (0.000000,0.000000) 3 387 192 479 
198 (0.000000,0.000000) 3 287 136 438 
149 (0.000000,0.000000) 3 26 3 127 
295 (0.000000,0.000000) 3 178 457 111 
403 (0.000000,0.000000) 3 219 22 35 
129 (0.000000,0.000000) 3 121 359 205 
