54 (0.000000,0.000000) 3 226 480 41 
415 (0.000000,0.000000) 3 264 220 231 
328 (0.000000,0.000000) 3 134 125 140 
303 (0.000000,0.000000) 3 490 311 95 
132 (0.000000,0.000000) 3 184 255 481 
286 (0.000000,0.000000) 3 390 473 420 
231 (0.000000,0.000000) 3 383 236 415 
12 (0.000000,0.000000) 3 86 213 137 
68 (0.000000,0.000000) 3 386 407 39 
351 (0.000000,0.000000) 3 358 7 424 
308 (0.000000,0.000000) 3 454 200 112 
340 (0.000000,0.000000) 3 122 317 423 
430 (0.000000,0.000000) 3 78 162 87 
217 (0.000000,0.000000) 3 358 307 407 
480 (0.000000,0.000000) 3 36 49 54 
204 (0.000000,0.000000) 3 373 249 47 
200 (0.000000,0.000000) 3 48 440 308 
91 (0.000000,0.000000) 3 449 123 21 
441 (0.000000,0.000000) 3 289 456 177 
427 (0.000000,0.000000) 3 272 489 335 
33 (0.000000,0.000000) 3 211 115 32 
330 (0.000000,0.000000) 3 9 456 251 
183 (0.000000,0.000000) 3 23 446 477 
265 (0.000000,0.000000) 3 221 145 247 
116 (0.000000,0.000000) 3 252 326 182 
462 (0.000000,0.000000) 3 45 477 332 
274 (0.000000,0.000000) 3 19 46 270 
276 (0.000000,0.000000) 3 194 323 478 
39 (0.000000,0.000000) 3 253 432 68 
424 (0.000000,0.000000) 3 140 333 351 
41 (0.000000,0.000000) 3 326 310 54 
444 (0.000000,0.000000) 3 224 268 142 
338 (0.000000,0.000000) 3 239 437 264 
369 (0.000000,0.000000) 3 253 156 298 
247 (0.000000,0.000000) 3 289 416 265 
470 (0.000000,0.000000) 3 161 478 283 
6 (0.000000,0.000000) 3 70 7 148 
329 (0.000000,0.000000) 3 107 290 252 
481 (0.000000,0.000000) 3 201 428 132 
425 (0.000000,0.000000) 3 215 75 100 
179 (0.000000,0.000000) 3 305 207 166 
140 (0.000000,0.000000) 3 350 424 328 
264 (0.000000,0.000000) 3 490 338 415 
460 (0.000000,0.000000) 3 25 127 449 
208 (0.000000,0.000000) 3 146 275 319 
243 (0.000000,0.000000) 3 70 448 69 
164 (0.000000,0.000000) 3 402 445 464 
260 (0.000000,0.000000) 3 368 266 353 
333 (0.000000,0.000000) 3 197 420 424 
456 (0.000000,0.000000) 3 487 330 441 
186 (0.000000,0.000000) 3 268 452 201 
137 (0.000000,0.000000) 3 289 156 12 
221 (0.000000,0.000000) 3 194 240 265 
252 (0.000000,0.000000) 3 240 329 116 
182 (0.000000,0.000000) 3 162 194 116 
107 (0.000000,0.000000) 3 201 218 329 
380 (0.000000,0.000000) 3 402 104 245 
220 (0.000000,0.000000) 3 9 275 415 
382 (0.000000,0.000000) 3 275 226 321 
420 (0.000000,0.000000) 3 356 333 286 
262 (0.000000,0.000000) 3 455 154 307 
145 (0.000000,0.000000) 3 392 291 265 
442 (0.000000,0.000000) 3 222 344 156 
373 (0.000000,0.000000) 3 307 239 204 
70 (0.000000,0.000000) 3 119 243 6 
473 (0.000000,0.000000) 3 47 185 286 
365 (0.000000,0.000000) 3 218 127 311 
185 (0.000000,0.000000) 3 169 259 473 
432 (0.000000,0.000000) 3 72 292 39 
428 (0.000000,0.000000) 3 175 158 481 
95 (0.000000,0.000000) 3 131 224 303 
112 (0.000000,0.000000) 3 317 89 308 
402 (0.000000,0.000000) 3 202 380 164 
181 (0.000000,0.000000) 3 323 321 123 
13 (0.000000,0.000000) 3 358 489 87 
290 (0.000000,0.000000) 3 203 16 329 
122 (0.000000,0.000000) 3 390 38 340 
471 (0.000000,0.000000) 3 301 236 52 
169 (0.000000,0.000000) 3 452 197 185 
194 (0.000000,0.000000) 3 182 221 276 
353 (0.000000,0.000000) 3 325 255 260 
209 (0.000000,0.000000) 3 476 291 25 
72 (0.000000,0.000000) 3 435 455 432 
80 (0.000000,0.000000) 3 426 160 188 
322 (0.000000,0.000000) 3 67 229 245 
464 (0.000000,0.000000) 3 222 253 164 
225 (0.000000,0.000000) 3 78 32 445 
263 (0.000000,0.000000) 3 477 128 392 
188 (0.000000,0.000000) 3 213 222 80 
146 (0.000000,0.000000) 3 45 123 208 
87 (0.000000,0.000000) 3 56 13 430 
52 (0.000000,0.000000) 3 216 49 471 
19 (0.000000,0.000000) 3 317 388 274 
476 (0.000000,0.000000) 3 59 459 209 
109 (0.000000,0.000000) 3 177 249 7 
465 (0.000000,0.000000) 3 270 259 56 
158 (0.000000,0.000000) 3 235 47 428 
73 (0.000000,0.000000) 3 29 131 56 
367 (0.000000,0.000000) 3 98 273 318 
378 (0.000000,0.000000) 3 268 377 251 
253 (0.000000,0.000000) 3 464 369 39 
405 (0.000000,0.000000) 3 407 166 370 
318 (0.000000,0.000000) 3 148 213 367 
46 (0.000000,0.000000) 3 446 23 274 
292 (0.000000,0.000000) 3 9 344 432 
236 (0.000000,0.000000) 3 283 471 231 
215 (0.000000,0.000000) 3 135 417 425 
337 (0.000000,0.000000) 3 229 446 89 
440 (0.000000,0.000000) 3 484 51 200 
155 (0.000000,0.000000) 3 437 485 331 
45 (0.000000,0.000000) 3 299 146 462 
363 (0.000000,0.000000) 3 326 119 383 
86 (0.000000,0.000000) 3 184 224 12 
218 (0.000000,0.000000) 3 454 365 107 
326 (0.000000,0.000000) 3 363 41 116 
162 (0.000000,0.000000) 3 379 182 430 
332 (0.000000,0.000000) 3 226 311 462 
307 (0.000000,0.000000) 3 373 262 217 
419 (0.000000,0.000000) 3 20 207 202 
417 (0.000000,0.000000) 3 214 166 215 
489 (0.000000,0.000000) 3 386 13 427 
437 (0.000000,0.000000) 3 49 155 338 
392 (0.000000,0.000000) 3 203 263 145 
449 (0.000000,0.000000) 3 81 460 91 
401 (0.000000,0.000000) 3 409 435 125 
21 (0.000000,0.000000) 3 197 177 91 
119 (0.000000,0.000000) 3 229 363 70 
131 (0.000000,0.000000) 3 310 73 95 
273 (0.000000,0.000000) 3 435 44 367 
23 (0.000000,0.000000) 3 426 46 183 
448 (0.000000,0.000000) 3 319 75 243 
390 (0.000000,0.000000) 3 127 122 286 
69 (0.000000,0.000000) 3 352 426 243 
477 (0.000000,0.000000) 3 263 462 183 
135 (0.000000,0.000000) 3 321 141 215 
268 (0.000000,0.000000) 3 378 186 444 
141 (0.000000,0.000000) 3 316 334 135 
323 (0.000000,0.000000) 3 474 181 276 
130 (0.000000,0.000000) 3 266 100 214 
226 (0.000000,0.000000) 3 332 382 54 
455 (0.000000,0.000000) 3 299 72 262 
388 (0.000000,0.000000) 3 16 452 19 
224 (0.000000,0.000000) 3 86 95 444 
319 (0.000000,0.000000) 3 316 448 208 
142 (0.000000,0.000000) 3 298 310 444 
235 (0.000000,0.000000) 3 161 202 158 
386 (0.000000,0.000000) 3 344 489 68 
478 (0.000000,0.000000) 3 51 470 276 
335 (0.000000,0.000000) 3 249 421 427 
379 (0.000000,0.000000) 3 490 154 162 
207 (0.000000,0.000000) 3 161 419 179 
301 (0.000000,0.000000) 3 44 376 471 
9 (0.000000,0.000000) 3 292 220 330 
175 (0.000000,0.000000) 3 331 350 428 
251 (0.000000,0.000000) 3 89 378 330 
49 (0.000000,0.000000) 3 437 52 480 
81 (0.000000,0.000000) 3 29 416 449 
29 (0.000000,0.000000) 3 214 81 73 
316 (0.000000,0.000000) 3 174 319 141 
352 (0.000000,0.000000) 3 325 250 69 
445 (0.000000,0.000000) 3 154 225 164 
299 (0.000000,0.000000) 3 203 455 45 
38 (0.000000,0.000000) 3 423 298 122 
421 (0.000000,0.000000) 3 485 416 335 
435 (0.000000,0.000000) 3 273 401 72 
311 (0.000000,0.000000) 3 332 365 303 
156 (0.000000,0.000000) 3 442 137 369 
321 (0.000000,0.000000) 3 135 181 382 
240 (0.000000,0.000000) 3 349 252 221 
485 (0.000000,0.000000) 3 331 421 155 
7 (0.000000,0.000000) 3 109 6 351 
213 (0.000000,0.000000) 3 318 188 12 
426 (0.000000,0.000000) 3 69 23 80 
75 (0.000000,0.000000) 3 111 448 425 
44 (0.000000,0.000000) 3 245 301 273 
100 (0.000000,0.000000) 3 98 130 425 
383 (0.000000,0.000000) 3 238 363 231 
47 (0.000000,0.000000) 3 158 473 204 
127 (0.000000,0.000000) 3 390 365 460 
331 (0.000000,0.000000) 3 485 175 155 
216 (0.000000,0.000000) 3 356 370 52 
202 (0.000000,0.000000) 3 235 419 402 
377 (0.000000,0.000000) 3 184 20 378 
239 (0.000000,0.000000) 3 48 373 338 
128 (0.000000,0.000000) 3 409 291 263 
298 (0.000000,0.000000) 3 38 142 369 
25 (0.000000,0.000000) 3 305 209 460 
291 (0.000000,0.000000) 3 128 209 145 
305 (0.000000,0.000000) 3 423 25 179 
197 (0.000000,0.000000) 3 21 169 333 
289 (0.000000,0.000000) 3 137 247 441 
203 (0.000000,0.000000) 3 299 392 290 
356 (0.000000,0.000000) 3 238 216 420 
416 (0.000000,0.000000) 3 421 81 247 
459 (0.000000,0.000000) 3 211 104 476 
32 (0.000000,0.000000) 3 59 225 33 
78 (0.000000,0.000000) 3 334 225 430 
148 (0.000000,0.000000) 3 160 318 6 
238 (0.000000,0.000000) 3 16 356 383 
56 (0.000000,0.000000) 3 73 465 87 
161 (0.000000,0.000000) 3 207 235 470 
376 (0.000000,0.000000) 3 174 189 301 
160 (0.000000,0.000000) 3 280 148 80 
250 (0.000000,0.000000) 3 325 409 352 
166 (0.000000,0.000000) 3 417 405 179 
275 (0.000000,0.000000) 3 382 220 208 
229 (0.000000,0.000000) 3 119 337 322 
189 (0.000000,0.000000) 3 270 48 376 
174 (0.000000,0.000000) 3 211 376 316 
344 (0.000000,0.000000) 3 386 292 442 
89 (0.000000,0.000000) 3 251 337 112 
423 (0.000000,0.000000) 3 305 38 340 
154 (0.000000,0.000000) 3 445 379 262 
454 (0.000000,0.000000) 3 259 218 308 
317 (0.000000,0.000000) 3 19 112 340 
211 (0.000000,0.000000) 3 174 459 33 
125 (0.000000,0.000000) 3 368 401 328 
249 (0.000000,0.000000) 3 335 109 204 
177 (0.000000,0.000000) 3 21 109 441 
409 (0.000000,0.000000) 3 250 128 401 
452 (0.000000,0.000000) 3 388 169 186 
407 (0.000000,0.000000) 3 405 217 68 
214 (0.000000,0.000000) 3 29 130 417 
104 (0.000000,0.000000) 3 336 459 380 
255 (0.000000,0.000000) 3 115 353 132 
325 (0.000000,0.000000) 3 250 352 353 
245 (0.000000,0.000000) 3 44 322 380 
48 (0.000000,0.000000) 3 189 239 200 
368 (0.000000,0.000000) 3 98 125 260 
20 (0.000000,0.000000) 3 51 377 419 
201 (0.000000,0.000000) 3 107 186 481 
266 (0.000000,0.000000) 3 115 130 260 
370 (0.000000,0.000000) 3 283 216 405 
334 (0.000000,0.000000) 3 59 78 141 
350 (0.000000,0.000000) 3 173 175 140 
310 (0.000000,0.000000) 3 142 131 41 
283 (0.000000,0.000000) 3 370 236 470 
98 (0.000000,0.000000) 3 368 100 367 
358 (0.000000,0.000000) 3 13 217 351 
115 (0.000000,0.000000) 3 266 255 33 
16 (0.000000,0.000000) 3 238 388 290 
490 (0.000000,0.000000) 3 379 264 303 
446 (0.000000,0.000000) 3 337 46 183 
270 (0.000000,0.000000) 3 189 465 274 
184 (0.000000,0.000000) 3 377 86 132 
51 (0.000000,0.000000) 3 20 478 440 
222 (0.000000,0.000000) 3 188 464 442 
259 (0.000000,0.000000) 3 454 465 185 
59 (0.000000,0.000000) 3 334 32 476 
123 (0.000000,0.000000) 3 146 181 91 
193 (0.000000,0.000000) 3 493 342 453 
3 (0.000000,0.000000) 3 14 157 461 
117 (0.000000,0.000000) 3 36 361 152 
297 (0.000000,0.000000) 3 170 101 282 
362 (0.000000,0.000000) 3 234 495 77 
447 (0.000000,0.000000) 3 242 433 451 
256 (0.000000,0.000000) 3 244 254 385 
35 (0.000000,0.000000) 3 191 457 53 
438 (0.000000,0.000000) 3 466 279 192 
269 (0.000000,0.000000) 3 314 414 55 
118 (0.000000,0.000000) 3 150 126 309 
106 (0.000000,0.000000) 3 10 191 396 
483 (0.000000,0.000000) 3 357 151 139 
60 (0.000000,0.000000) 3 30 163 312 
187 (0.000000,0.000000) 3 357 280 324 
126 (0.000000,0.000000) 3 384 327 118 
230 (0.000000,0.000000) 3 354 228 159 
320 (0.000000,0.000000) 3 261 458 192 
82 (0.000000,0.000000) 3 110 499 31 
191 (0.000000,0.000000) 3 396 106 35 
99 (0.000000,0.000000) 3 165 324 61 
354 (0.000000,0.000000) 3 63 398 230 
28 (0.000000,0.000000) 3 79 92 384 
285 (0.000000,0.000000) 3 439 121 237 
62 (0.000000,0.000000) 3 138 450 381 
284 (0.000000,0.000000) 3 133 42 27 
96 (0.000000,0.000000) 3 346 374 293 
342 (0.000000,0.000000) 3 17 306 193 
102 (0.000000,0.000000) 3 341 223 281 
484 (0.000000,0.000000) 3 196 74 440 
277 (0.000000,0.000000) 3 66 195 133 
111 (0.000000,0.000000) 3 387 391 75 
375 (0.000000,0.000000) 3 496 347 101 
37 (0.000000,0.000000) 3 105 499 198 
138 (0.000000,0.000000) 3 124 371 62 
180 (0.000000,0.000000) 3 345 393 469 
233 (0.000000,0.000000) 3 11 97 282 
488 (0.000000,0.000000) 3 429 34 453 
10 (0.000000,0.000000) 3 258 64 106 
248 (0.000000,0.000000) 3 486 295 113 
461 (0.000000,0.000000) 3 114 294 3 
339 (0.000000,0.000000) 3 163 355 168 
314 (0.000000,0.000000) 3 450 53 269 
296 (0.000000,0.000000) 3 387 413 165 
258 (0.000000,0.000000) 3 468 26 10 
90 (0.000000,0.000000) 3 85 5 495 
397 (0.000000,0.000000) 3 64 482 31 
313 (0.000000,0.000000) 3 55 27 205 
463 (0.000000,0.000000) 3 65 457 242 
170 (0.000000,0.000000) 3 83 391 297 
152 (0.000000,0.000000) 3 295 143 117 
400 (0.000000,0.000000) 3 34 487 327 
88 (0.000000,0.000000) 3 389 393 1 
384 (0.000000,0.000000) 3 357 28 126 
347 (0.000000,0.000000) 3 404 124 375 
469 (0.000000,0.000000) 3 312 79 180 
173 (0.000000,0.000000) 3 2 18 350 
246 (0.000000,0.000000) 3 406 403 394 
93 (0.000000,0.000000) 3 443 411 300 
5 (0.000000,0.000000) 3 168 271 90 
414 (0.000000,0.000000) 3 40 103 269 
195 (0.000000,0.000000) 3 467 304 277 
232 (0.000000,0.000000) 3 134 394 153 
242 (0.000000,0.000000) 3 167 463 447 
272 (0.000000,0.000000) 3 306 165 427 
282 (0.000000,0.000000) 3 149 233 297 
64 (0.000000,0.000000) 3 374 397 10 
366 (0.000000,0.000000) 3 205 395 219 
398 (0.000000,0.000000) 3 67 159 354 
497 (0.000000,0.000000) 3 114 85 360 
343 (0.000000,0.000000) 3 129 65 114 
172 (0.000000,0.000000) 3 17 408 278 
85 (0.000000,0.000000) 3 491 497 90 
422 (0.000000,0.000000) 3 359 58 491 
97 (0.000000,0.000000) 3 147 396 233 
18 (0.000000,0.000000) 3 287 171 173 
434 (0.000000,0.000000) 3 302 433 492 
227 (0.000000,0.000000) 3 492 496 26 
92 (0.000000,0.000000) 3 279 412 28 
411 (0.000000,0.000000) 3 493 24 93 
120 (0.000000,0.000000) 3 436 361 129 
288 (0.000000,0.000000) 3 364 385 474 
237 (0.000000,0.000000) 3 348 57 285 
336 (0.000000,0.000000) 3 103 71 104 
103 (0.000000,0.000000) 3 267 336 414 
457 (0.000000,0.000000) 3 418 463 35 
472 (0.000000,0.000000) 3 76 349 309 
257 (0.000000,0.000000) 3 395 433 14 
429 (0.000000,0.000000) 3 8 304 488 
349 (0.000000,0.000000) 3 404 472 240 
241 (0.000000,0.000000) 3 149 482 254 
71 (0.000000,0.000000) 3 151 361 336 
487 (0.000000,0.000000) 3 110 400 456 
50 (0.000000,0.000000) 3 281 30 113 
294 (0.000000,0.000000) 3 178 443 461 
24 (0.000000,0.000000) 3 261 500 411 
22 (0.000000,0.000000) 3 364 387 176 
150 (0.000000,0.000000) 3 479 63 118 
94 (0.000000,0.000000) 3 348 14 498 
83 (0.000000,0.000000) 3 124 413 170 
371 (0.000000,0.000000) 3 219 493 138 
324 (0.000000,0.000000) 3 26 99 187 
493 (0.000000,0.000000) 3 371 411 193 
210 (0.000000,0.000000) 3 199 67 458 
355 (0.000000,0.000000) 3 436 63 339 
450 (0.000000,0.000000) 3 451 314 62 
492 (0.000000,0.000000) 3 394 227 434 
65 (0.000000,0.000000) 3 144 343 463 
302 (0.000000,0.000000) 3 498 61 434 
143 (0.000000,0.000000) 3 406 499 152 
63 (0.000000,0.000000) 3 355 150 354 
58 (0.000000,0.000000) 3 205 134 422 
474 (0.000000,0.000000) 3 136 288 323 
410 (0.000000,0.000000) 3 43 163 15 
372 (0.000000,0.000000) 3 466 153 2 
309 (0.000000,0.000000) 3 198 472 118 
281 (0.000000,0.000000) 3 113 50 102 
312 (0.000000,0.000000) 3 196 469 60 
101 (0.000000,0.000000) 3 159 375 297 
391 (0.000000,0.000000) 3 475 170 111 
139 (0.000000,0.000000) 3 381 121 483 
219 (0.000000,0.000000) 3 278 371 366 
486 (0.000000,0.000000) 3 199 190 248 
42 (0.000000,0.000000) 3 176 412 284 
451 (0.000000,0.000000) 3 498 450 447 
74 (0.000000,0.000000) 3 300 223 484 
491 (0.000000,0.000000) 3 144 422 85 
306 (0.000000,0.000000) 3 66 272 342 
436 (0.000000,0.000000) 3 267 355 120 
134 (0.000000,0.000000) 3 58 232 328 
467 (0.000000,0.000000) 3 178 105 195 
205 (0.000000,0.000000) 3 58 366 313 
171 (0.000000,0.000000) 3 8 121 18 
76 (0.000000,0.000000) 3 40 500 472 
15 (0.000000,0.000000) 3 147 404 410 
17 (0.000000,0.000000) 3 412 172 342 
136 (0.000000,0.000000) 3 55 40 474 
418 (0.000000,0.000000) 3 57 381 457 
374 (0.000000,0.000000) 3 364 64 96 
453 (0.000000,0.000000) 3 359 488 193 
1 (0.000000,0.000000) 3 157 341 88 
67 (0.000000,0.000000) 3 210 398 322 
279 (0.000000,0.000000) 3 431 92 438 
500 (0.000000,0.000000) 3 267 76 24 
304 (0.000000,0.000000) 3 77 429 195 
475 (0.000000,0.000000) 3 147 439 391 
159 (0.000000,0.000000) 3 101 398 230 
151 (0.000000,0.000000) 3 315 71 483 
361 (0.000000,0.000000) 3 71 120 117 
110 (0.000000,0.000000) 3 479 487 82 
364 (0.000000,0.000000) 3 374 22 288 
494 (0.000000,0.000000) 3 327 4 359 
327 (0.000000,0.000000) 3 494 400 126 
77 (0.000000,0.000000) 3 66 304 362 
27 (0.000000,0.000000) 3 84 313 284 
113 (0.000000,0.000000) 3 281 50 248 
176 (0.000000,0.000000) 3 4 42 22 
157 (0.000000,0.000000) 3 345 1 3 
79 (0.000000,0.000000) 3 8 469 28 
124 (0.000000,0.000000) 3 83 347 138 
261 (0.000000,0.000000) 3 468 24 320 
443 (0.000000,0.000000) 3 385 294 93 
385 (0.000000,0.000000) 3 443 288 256 
479 (0.000000,0.000000) 3 293 110 150 
206 (0.000000,0.000000) 3 129 341 408 
14 (0.000000,0.000000) 3 94 257 3 
359 (0.000000,0.000000) 3 494 453 422 
496 (0.000000,0.000000) 3 167 227 375 
244 (0.000000,0.000000) 3 399 34 256 
287 (0.000000,0.000000) 3 466 190 18 
466 (0.000000,0.000000) 3 287 372 438 
105 (0.000000,0.000000) 3 360 467 37 
163 (0.000000,0.000000) 3 410 339 60 
254 (0.000000,0.000000) 3 61 241 256 
121 (0.000000,0.000000) 3 171 139 285 
439 (0.000000,0.000000) 3 393 475 285 
66 (0.000000,0.000000) 3 77 306 277 
412 (0.000000,0.000000) 3 17 42 92 
396 (0.000000,0.000000) 3 97 191 106 
165 (0.000000,0.000000) 3 272 296 99 
228 (0.000000,0.000000) 3 399 53 230 
4 (0.000000,0.000000) 3 458 176 494 
495 (0.000000,0.000000) 3 408 90 362 
394 (0.000000,0.000000) 3 492 232 246 
40 (0.000000,0.000000) 3 136 76 414 
26 (0.000000,0.000000) 3 324 227 258 
498 (0.000000,0.000000) 3 451 302 94 
36 (0.000000,0.000000) 3 413 117 480 
433 (0.000000,0.000000) 3 257 434 447 
293 (0.000000,0.000000) 3 133 479 96 
357 (0.000000,0.000000) 3 384 187 483 
499 (0.000000,0.000000) 3 143 37 82 
31 (0.000000,0.000000) 3 168 397 82 
34 (0.000000,0.000000) 3 244 400 488 
114 (0.000000,0.000000) 3 343 497 461 
381 (0.000000,0.000000) 3 418 139 62 
389 (0.000000,0.000000) 3 192 403 88 
341 (0.000000,0.000000) 3 206 1 102 
468 (0.000000,0.000000) 3 399 261 258 
8 (0.000000,0.000000) 3 79 171 429 
404 (0.000000,0.000000) 3 15 349 347 
482 (0.000000,0.000000) 3 395 241 397 
168 (0.000000,0.000000) 3 31 5 339 
2 (0.000000,0.000000) 3 108 372 173 
300 (0.000000,0.000000) 3 212 74 93 
199 (0.000000,0.000000) 3 271 486 210 
57 (0.000000,0.000000) 3 178 418 237 
153 (0.000000,0.000000) 3 11 372 232 
178 (0.000000,0.000000) 3 57 467 294 
413 (0.000000,0.000000) 3 36 83 296 
348 (0.000000,0.000000) 3 315 94 237 
345 (0.000000,0.000000) 3 11 157 180 
271 (0.000000,0.000000) 3 346 199 5 
393 (0.000000,0.000000) 3 439 88 180 
190 (0.000000,0.000000) 3 84 287 486 
147 (0.000000,0.000000) 3 475 15 97 
212 (0.000000,0.000000) 3 43 108 300 
61 (0.000000,0.000000) 3 254 302 99 
431 (0.000000,0.000000) 3 167 144 279 
43 (0.000000,0.000000) 3 280 212 410 
133 (0.000000,0.000000) 3 293 277 284 
11 (0.000000,0.000000) 3 345 153 233 
408 (0.000000,0.000000) 3 495 206 172 
315 (0.000000,0.000000) 3 108 348 151 
144 (0.000000,0.000000) 3 431 491 65 
53 (0.000000,0.000000) 3 228 314 35 
346 (0.000000,0.000000) 3 295 271 96 
55 (0.000000,0.000000) 3 136 313 269 
395 (0.000000,0.000000) 3 482 257 366 
167 (0.000000,0.000000) 3 431 496 242 
406 (0.000000,0.000000) 3 403 143 246 
267 (0.000000,0.000000) 3 500 436 103 
192 (0.000000,0.000000) 3 389 320 438 
223 (0.000000,0.000000) 3 234 74 102 
108 (0.000000,0.000000) 3 315 212 2 
196 (0.000000,0.000000) 3 360 312 484 
458 (0.000000,0.000000) 3 4 210 320 
280 (0.000000,0.000000) 3 43 187 160 
30 (0.000000,0.000000) 3 149 50 60 
387 (0.000000,0.000000) 3 22 296 111 
234 (0.000000,0.000000) 3 84 223 362 
399 (0.000000,0.000000) 3 468 228 244 
84 (0.000000,0.000000) 3 234 190 27 
360 (0.000000,0.000000) 3 196 105 497 
278 (0.000000,0.000000) 3 198 219 172 
198 (0.000000,0.000000) 3 278 309 37 
149 (0.000000,0.000000) 3 30 241 282 
295 (0.000000,0.000000) 3 346 152 248 
403 (0.000000,0.000000) 3 406 389 246 
129 (0.000000,0.000000) 3 206 120 343 
