54 (0.000000,0.000000) 3 92 33 24 
15 (0.000000,0.000000) 3 8 47 68 
28 (0.000000,0.000000) 3 81 4 69 
3 (0.000000,0.000000) 3 5 74 25 
32 (0.000000,0.000000) 3 99 65 43 
86 (0.000000,0.000000) 3 37 43 20 
31 (0.000000,0.000000) 3 8 27 37 
12 (0.000000,0.000000) 3 84 71 45 
68 (0.000000,0.000000) 3 79 81 15 
51 (0.000000,0.000000) 3 14 38 74 
8 (0.000000,0.000000) 3 76 31 15 
40 (0.000000,0.000000) 3 6 44 43 
30 (0.000000,0.000000) 3 80 64 25 
17 (0.000000,0.000000) 3 76 62 16 
80 (0.000000,0.000000) 3 37 83 30 
4 (0.000000,0.000000) 3 21 41 28 
100 (0.000000,0.000000) 3 91 69 82 
91 (0.000000,0.000000) 3 23 39 100 
41 (0.000000,0.000000) 3 45 62 4 
27 (0.000000,0.000000) 3 39 60 31 
33 (0.000000,0.000000) 3 20 56 54 
83 (0.000000,0.000000) 3 19 45 80 
65 (0.000000,0.000000) 3 23 76 32 
16 (0.000000,0.000000) 3 58 44 17 
62 (0.000000,0.000000) 3 7 41 17 
74 (0.000000,0.000000) 3 29 51 3 
76 (0.000000,0.000000) 3 65 17 8 
39 (0.000000,0.000000) 3 82 27 91 
24 (0.000000,0.000000) 3 58 47 54 
44 (0.000000,0.000000) 3 70 16 40 
38 (0.000000,0.000000) 3 56 52 51 
69 (0.000000,0.000000) 3 29 100 28 
47 (0.000000,0.000000) 3 79 24 15 
70 (0.000000,0.000000) 3 21 81 44 
6 (0.000000,0.000000) 3 64 60 40 
29 (0.000000,0.000000) 3 79 69 74 
81 (0.000000,0.000000) 3 70 68 28 
25 (0.000000,0.000000) 3 59 30 3 
79 (0.000000,0.000000) 3 29 47 68 
64 (0.000000,0.000000) 3 71 6 30 
60 (0.000000,0.000000) 3 48 6 27 
43 (0.000000,0.000000) 3 40 86 32 
56 (0.000000,0.000000) 3 13 38 33 
37 (0.000000,0.000000) 3 80 31 86 
21 (0.000000,0.000000) 3 78 70 4 
52 (0.000000,0.000000) 3 1 7 38 
82 (0.000000,0.000000) 3 14 39 100 
7 (0.000000,0.000000) 3 97 52 62 
20 (0.000000,0.000000) 3 34 33 86 
45 (0.000000,0.000000) 3 83 41 12 
42 (0.000000,0.000000) 3 92 98 49 
73 (0.000000,0.000000) 3 26 98 53 
85 (0.000000,0.000000) 3 98 35 36 
95 (0.000000,0.000000) 3 78 35 63 
2 (0.000000,0.000000) 3 14 59 92 
13 (0.000000,0.000000) 3 66 10 56 
90 (0.000000,0.000000) 3 26 84 75 
22 (0.000000,0.000000) 3 50 96 61 
71 (0.000000,0.000000) 3 75 64 12 
94 (0.000000,0.000000) 3 66 35 48 
53 (0.000000,0.000000) 3 87 9 73 
9 (0.000000,0.000000) 3 55 77 53 
72 (0.000000,0.000000) 3 1 10 87 
63 (0.000000,0.000000) 3 55 58 95 
88 (0.000000,0.000000) 3 10 96 5 
46 (0.000000,0.000000) 3 93 99 77 
87 (0.000000,0.000000) 3 18 72 53 
19 (0.000000,0.000000) 3 96 36 83 
58 (0.000000,0.000000) 3 63 24 16 
67 (0.000000,0.000000) 3 57 11 48 
78 (0.000000,0.000000) 3 18 95 21 
5 (0.000000,0.000000) 3 57 88 3 
18 (0.000000,0.000000) 3 89 78 87 
92 (0.000000,0.000000) 3 2 42 54 
36 (0.000000,0.000000) 3 97 19 85 
55 (0.000000,0.000000) 3 93 63 9 
26 (0.000000,0.000000) 3 50 90 73 
89 (0.000000,0.000000) 3 59 11 18 
49 (0.000000,0.000000) 3 23 61 42 
1 (0.000000,0.000000) 3 84 72 52 
23 (0.000000,0.000000) 3 49 65 91 
48 (0.000000,0.000000) 3 67 94 60 
77 (0.000000,0.000000) 3 34 46 9 
35 (0.000000,0.000000) 3 94 95 85 
75 (0.000000,0.000000) 3 11 71 90 
99 (0.000000,0.000000) 3 61 46 32 
11 (0.000000,0.000000) 3 75 89 67 
98 (0.000000,0.000000) 3 85 73 42 
97 (0.000000,0.000000) 3 34 36 7 
59 (0.000000,0.000000) 3 89 2 25 
61 (0.000000,0.000000) 3 99 49 22 
50 (0.000000,0.000000) 3 66 26 22 
66 (0.000000,0.000000) 3 50 94 13 
14 (0.000000,0.000000) 3 2 82 51 
34 (0.000000,0.000000) 3 97 77 20 
10 (0.000000,0.000000) 3 88 72 13 
84 (0.000000,0.000000) 3 1 90 12 
93 (0.000000,0.000000) 3 57 55 46 
96 (0.000000,0.000000) 3 19 88 22 
57 (0.000000,0.000000) 3 93 5 67 
