54 (0.000000,0.000000) 3 303 161 330 
415 (0.000000,0.000000) 3 420 45 432 
328 (0.000000,0.000000) 3 273 402 318 
303 (0.000000,0.000000) 3 21 87 54 
132 (0.000000,0.000000) 3 203 184 356 
286 (0.000000,0.000000) 3 73 13 311 
231 (0.000000,0.000000) 3 148 247 41 
12 (0.000000,0.000000) 3 489 125 441 
68 (0.000000,0.000000) 3 473 405 264 
351 (0.000000,0.000000) 3 148 405 41 
308 (0.000000,0.000000) 3 373 251 16 
340 (0.000000,0.000000) 3 225 116 141 
430 (0.000000,0.000000) 3 87 7 158 
217 (0.000000,0.000000) 3 409 166 216 
480 (0.000000,0.000000) 3 298 186 407 
204 (0.000000,0.000000) 3 310 432 188 
200 (0.000000,0.000000) 3 440 358 7 
91 (0.000000,0.000000) 3 183 207 169 
441 (0.000000,0.000000) 3 401 337 12 
427 (0.000000,0.000000) 3 368 478 162 
33 (0.000000,0.000000) 3 424 135 238 
330 (0.000000,0.000000) 3 428 489 54 
183 (0.000000,0.000000) 3 333 421 91 
265 (0.000000,0.000000) 3 214 245 270 
116 (0.000000,0.000000) 3 268 477 340 
462 (0.000000,0.000000) 3 437 222 386 
274 (0.000000,0.000000) 3 177 235 291 
276 (0.000000,0.000000) 3 392 75 426 
39 (0.000000,0.000000) 3 316 390 194 
424 (0.000000,0.000000) 3 442 454 33 
41 (0.000000,0.000000) 3 194 351 231 
444 (0.000000,0.000000) 3 459 154 369 
338 (0.000000,0.000000) 3 316 382 243 
369 (0.000000,0.000000) 3 383 112 444 
247 (0.000000,0.000000) 3 197 365 231 
470 (0.000000,0.000000) 3 419 323 9 
6 (0.000000,0.000000) 3 376 452 182 
329 (0.000000,0.000000) 3 69 301 476 
481 (0.000000,0.000000) 3 376 203 209 
425 (0.000000,0.000000) 3 222 319 189 
179 (0.000000,0.000000) 3 363 25 189 
140 (0.000000,0.000000) 3 325 87 238 
264 (0.000000,0.000000) 3 109 98 68 
460 (0.000000,0.000000) 3 221 445 249 
208 (0.000000,0.000000) 3 109 268 455 
243 (0.000000,0.000000) 3 107 158 338 
164 (0.000000,0.000000) 3 236 365 100 
260 (0.000000,0.000000) 3 275 253 59 
333 (0.000000,0.000000) 3 203 245 183 
456 (0.000000,0.000000) 3 44 321 373 
186 (0.000000,0.000000) 3 207 75 480 
137 (0.000000,0.000000) 3 445 252 169 
221 (0.000000,0.000000) 3 332 202 460 
252 (0.000000,0.000000) 3 476 211 137 
182 (0.000000,0.000000) 3 437 255 6 
107 (0.000000,0.000000) 3 197 78 243 
380 (0.000000,0.000000) 3 402 379 370 
220 (0.000000,0.000000) 3 112 298 48 
382 (0.000000,0.000000) 3 127 377 338 
420 (0.000000,0.000000) 3 275 236 415 
262 (0.000000,0.000000) 3 378 46 370 
145 (0.000000,0.000000) 3 73 229 299 
442 (0.000000,0.000000) 3 7 32 424 
373 (0.000000,0.000000) 3 104 456 308 
70 (0.000000,0.000000) 3 332 358 370 
473 (0.000000,0.000000) 3 78 218 68 
365 (0.000000,0.000000) 3 266 164 247 
185 (0.000000,0.000000) 3 426 72 104 
432 (0.000000,0.000000) 3 131 204 415 
428 (0.000000,0.000000) 3 445 283 330 
95 (0.000000,0.000000) 3 331 174 156 
112 (0.000000,0.000000) 3 407 220 369 
402 (0.000000,0.000000) 3 290 380 328 
181 (0.000000,0.000000) 3 119 337 322 
13 (0.000000,0.000000) 3 317 388 286 
290 (0.000000,0.000000) 3 225 301 402 
122 (0.000000,0.000000) 3 238 464 48 
471 (0.000000,0.000000) 3 131 202 47 
169 (0.000000,0.000000) 3 52 137 91 
194 (0.000000,0.000000) 3 98 41 39 
353 (0.000000,0.000000) 3 335 378 251 
209 (0.000000,0.000000) 3 401 263 481 
72 (0.000000,0.000000) 3 160 188 185 
80 (0.000000,0.000000) 3 59 158 47 
322 (0.000000,0.000000) 3 417 45 181 
464 (0.000000,0.000000) 3 29 310 122 
225 (0.000000,0.000000) 3 236 290 340 
263 (0.000000,0.000000) 3 350 423 209 
188 (0.000000,0.000000) 3 367 72 204 
146 (0.000000,0.000000) 3 135 352 224 
87 (0.000000,0.000000) 3 140 430 303 
52 (0.000000,0.000000) 3 166 388 169 
19 (0.000000,0.000000) 3 253 273 326 
476 (0.000000,0.000000) 3 175 252 329 
109 (0.000000,0.000000) 3 259 208 264 
465 (0.000000,0.000000) 3 160 275 29 
158 (0.000000,0.000000) 3 80 243 430 
73 (0.000000,0.000000) 3 166 145 286 
367 (0.000000,0.000000) 3 56 437 188 
378 (0.000000,0.000000) 3 319 353 262 
253 (0.000000,0.000000) 3 289 19 260 
405 (0.000000,0.000000) 3 177 351 68 
318 (0.000000,0.000000) 3 141 344 328 
46 (0.000000,0.000000) 3 356 423 262 
292 (0.000000,0.000000) 3 477 51 489 
236 (0.000000,0.000000) 3 225 420 164 
215 (0.000000,0.000000) 3 218 455 207 
337 (0.000000,0.000000) 3 216 181 441 
440 (0.000000,0.000000) 3 449 125 200 
155 (0.000000,0.000000) 3 323 390 128 
45 (0.000000,0.000000) 3 368 322 415 
363 (0.000000,0.000000) 3 289 69 179 
86 (0.000000,0.000000) 3 419 32 386 
218 (0.000000,0.000000) 3 321 215 473 
326 (0.000000,0.000000) 3 240 419 19 
162 (0.000000,0.000000) 3 141 44 427 
332 (0.000000,0.000000) 3 20 70 221 
307 (0.000000,0.000000) 3 240 98 485 
419 (0.000000,0.000000) 3 326 86 470 
417 (0.000000,0.000000) 3 81 250 322 
489 (0.000000,0.000000) 3 292 330 12 
437 (0.000000,0.000000) 3 367 182 462 
392 (0.000000,0.000000) 3 334 211 276 
449 (0.000000,0.000000) 3 423 184 440 
401 (0.000000,0.000000) 3 305 209 441 
21 (0.000000,0.000000) 3 268 245 303 
119 (0.000000,0.000000) 3 235 123 181 
131 (0.000000,0.000000) 3 379 471 432 
273 (0.000000,0.000000) 3 358 19 328 
23 (0.000000,0.000000) 3 485 201 259 
448 (0.000000,0.000000) 3 266 305 174 
390 (0.000000,0.000000) 3 331 155 39 
69 (0.000000,0.000000) 3 100 363 329 
477 (0.000000,0.000000) 3 81 292 116 
135 (0.000000,0.000000) 3 226 146 33 
268 (0.000000,0.000000) 3 21 208 116 
141 (0.000000,0.000000) 3 162 318 340 
323 (0.000000,0.000000) 3 377 155 470 
130 (0.000000,0.000000) 3 416 446 383 
226 (0.000000,0.000000) 3 201 298 135 
455 (0.000000,0.000000) 3 454 215 208 
388 (0.000000,0.000000) 3 416 52 13 
224 (0.000000,0.000000) 3 335 409 146 
319 (0.000000,0.000000) 3 49 378 425 
142 (0.000000,0.000000) 3 201 356 325 
235 (0.000000,0.000000) 3 89 119 274 
386 (0.000000,0.000000) 3 229 86 462 
478 (0.000000,0.000000) 3 266 160 427 
335 (0.000000,0.000000) 3 115 224 353 
379 (0.000000,0.000000) 3 9 131 380 
207 (0.000000,0.000000) 3 215 186 91 
301 (0.000000,0.000000) 3 485 290 329 
9 (0.000000,0.000000) 3 59 379 470 
175 (0.000000,0.000000) 3 44 250 476 
251 (0.000000,0.000000) 3 20 353 308 
49 (0.000000,0.000000) 3 81 56 319 
81 (0.000000,0.000000) 3 49 477 417 
29 (0.000000,0.000000) 3 299 465 464 
316 (0.000000,0.000000) 3 334 338 39 
352 (0.000000,0.000000) 3 435 454 146 
445 (0.000000,0.000000) 3 428 137 460 
299 (0.000000,0.000000) 3 435 29 145 
38 (0.000000,0.000000) 3 490 16 189 
421 (0.000000,0.000000) 3 310 459 183 
435 (0.000000,0.000000) 3 214 299 352 
311 (0.000000,0.000000) 3 270 25 286 
156 (0.000000,0.000000) 3 239 127 95 
321 (0.000000,0.000000) 3 20 218 456 
240 (0.000000,0.000000) 3 213 307 326 
485 (0.000000,0.000000) 3 301 23 307 
7 (0.000000,0.000000) 3 442 200 430 
213 (0.000000,0.000000) 3 325 490 240 
426 (0.000000,0.000000) 3 289 185 276 
75 (0.000000,0.000000) 3 123 186 276 
44 (0.000000,0.000000) 3 175 162 456 
100 (0.000000,0.000000) 3 291 69 164 
383 (0.000000,0.000000) 3 344 130 369 
47 (0.000000,0.000000) 3 115 80 471 
127 (0.000000,0.000000) 3 154 156 382 
331 (0.000000,0.000000) 3 452 390 95 
216 (0.000000,0.000000) 3 16 337 217 
202 (0.000000,0.000000) 3 184 471 221 
377 (0.000000,0.000000) 3 32 323 382 
239 (0.000000,0.000000) 3 407 89 156 
128 (0.000000,0.000000) 3 51 350 155 
298 (0.000000,0.000000) 3 226 220 480 
25 (0.000000,0.000000) 3 305 311 179 
291 (0.000000,0.000000) 3 459 100 274 
305 (0.000000,0.000000) 3 25 448 401 
197 (0.000000,0.000000) 3 255 107 247 
289 (0.000000,0.000000) 3 426 363 253 
203 (0.000000,0.000000) 3 333 481 132 
356 (0.000000,0.000000) 3 142 46 132 
416 (0.000000,0.000000) 3 376 388 130 
459 (0.000000,0.000000) 3 291 421 444 
32 (0.000000,0.000000) 3 377 86 442 
78 (0.000000,0.000000) 3 154 473 107 
148 (0.000000,0.000000) 3 259 351 231 
238 (0.000000,0.000000) 3 122 140 33 
56 (0.000000,0.000000) 3 125 49 367 
161 (0.000000,0.000000) 3 48 89 54 
376 (0.000000,0.000000) 3 416 481 6 
160 (0.000000,0.000000) 3 478 465 72 
250 (0.000000,0.000000) 3 255 175 417 
166 (0.000000,0.000000) 3 73 52 217 
275 (0.000000,0.000000) 3 465 420 260 
229 (0.000000,0.000000) 3 350 386 145 
189 (0.000000,0.000000) 3 38 179 425 
174 (0.000000,0.000000) 3 115 448 95 
344 (0.000000,0.000000) 3 283 383 318 
89 (0.000000,0.000000) 3 161 239 235 
423 (0.000000,0.000000) 3 449 46 263 
154 (0.000000,0.000000) 3 78 127 444 
454 (0.000000,0.000000) 3 352 455 424 
317 (0.000000,0.000000) 3 249 214 13 
211 (0.000000,0.000000) 3 51 392 252 
125 (0.000000,0.000000) 3 56 440 12 
249 (0.000000,0.000000) 3 334 317 460 
177 (0.000000,0.000000) 3 104 405 274 
409 (0.000000,0.000000) 3 446 224 217 
452 (0.000000,0.000000) 3 490 331 6 
407 (0.000000,0.000000) 3 239 112 480 
214 (0.000000,0.000000) 3 317 435 265 
104 (0.000000,0.000000) 3 177 185 373 
255 (0.000000,0.000000) 3 250 197 182 
325 (0.000000,0.000000) 3 213 142 140 
245 (0.000000,0.000000) 3 21 333 265 
48 (0.000000,0.000000) 3 161 122 220 
368 (0.000000,0.000000) 3 123 45 427 
20 (0.000000,0.000000) 3 321 251 332 
201 (0.000000,0.000000) 3 142 226 23 
266 (0.000000,0.000000) 3 478 448 365 
370 (0.000000,0.000000) 3 70 262 380 
334 (0.000000,0.000000) 3 249 316 392 
350 (0.000000,0.000000) 3 229 128 263 
310 (0.000000,0.000000) 3 421 464 204 
283 (0.000000,0.000000) 3 222 344 428 
98 (0.000000,0.000000) 3 307 194 264 
358 (0.000000,0.000000) 3 273 70 200 
115 (0.000000,0.000000) 3 174 47 335 
16 (0.000000,0.000000) 3 216 38 308 
490 (0.000000,0.000000) 3 452 213 38 
446 (0.000000,0.000000) 3 270 409 130 
270 (0.000000,0.000000) 3 446 311 265 
184 (0.000000,0.000000) 3 202 449 132 
51 (0.000000,0.000000) 3 211 128 292 
222 (0.000000,0.000000) 3 283 425 462 
259 (0.000000,0.000000) 3 148 23 109 
59 (0.000000,0.000000) 3 9 80 260 
123 (0.000000,0.000000) 3 368 75 119 
193 (0.000000,0.000000) 3 129 313 198 
3 (0.000000,0.000000) 3 282 254 143 
117 (0.000000,0.000000) 3 293 500 278 
297 (0.000000,0.000000) 3 31 280 4 
362 (0.000000,0.000000) 3 205 443 345 
447 (0.000000,0.000000) 3 108 34 495 
256 (0.000000,0.000000) 3 1 85 61 
35 (0.000000,0.000000) 3 67 136 496 
438 (0.000000,0.000000) 3 346 375 366 
269 (0.000000,0.000000) 3 242 168 84 
118 (0.000000,0.000000) 3 385 285 241 
106 (0.000000,0.000000) 3 361 74 30 
483 (0.000000,0.000000) 3 66 279 381 
60 (0.000000,0.000000) 3 296 312 468 
187 (0.000000,0.000000) 3 55 309 113 
126 (0.000000,0.000000) 3 281 37 152 
230 (0.000000,0.000000) 3 261 487 105 
320 (0.000000,0.000000) 3 492 192 242 
82 (0.000000,0.000000) 3 492 414 488 
191 (0.000000,0.000000) 3 339 475 393 
99 (0.000000,0.000000) 3 336 394 94 
354 (0.000000,0.000000) 3 315 223 487 
28 (0.000000,0.000000) 3 223 27 300 
285 (0.000000,0.000000) 3 199 157 118 
62 (0.000000,0.000000) 3 37 461 5 
284 (0.000000,0.000000) 3 170 271 418 
96 (0.000000,0.000000) 3 287 36 466 
342 (0.000000,0.000000) 3 105 493 133 
102 (0.000000,0.000000) 3 408 486 147 
484 (0.000000,0.000000) 3 271 304 246 
277 (0.000000,0.000000) 3 77 461 451 
111 (0.000000,0.000000) 3 198 205 261 
375 (0.000000,0.000000) 3 34 114 438 
37 (0.000000,0.000000) 3 389 62 126 
138 (0.000000,0.000000) 3 65 404 139 
180 (0.000000,0.000000) 3 355 67 114 
233 (0.000000,0.000000) 3 496 219 129 
488 (0.000000,0.000000) 3 374 495 82 
10 (0.000000,0.000000) 3 457 282 144 
248 (0.000000,0.000000) 3 372 178 314 
461 (0.000000,0.000000) 3 495 277 62 
339 (0.000000,0.000000) 3 114 110 191 
314 (0.000000,0.000000) 3 67 94 248 
296 (0.000000,0.000000) 3 242 467 60 
258 (0.000000,0.000000) 3 359 278 491 
90 (0.000000,0.000000) 3 79 18 165 
397 (0.000000,0.000000) 3 443 385 349 
313 (0.000000,0.000000) 3 196 282 193 
463 (0.000000,0.000000) 3 279 237 499 
170 (0.000000,0.000000) 3 15 287 284 
152 (0.000000,0.000000) 3 64 246 126 
400 (0.000000,0.000000) 3 113 434 422 
88 (0.000000,0.000000) 3 76 83 411 
384 (0.000000,0.000000) 3 58 139 336 
347 (0.000000,0.000000) 3 429 50 26 
469 (0.000000,0.000000) 3 324 57 150 
173 (0.000000,0.000000) 3 97 134 450 
246 (0.000000,0.000000) 3 309 152 484 
93 (0.000000,0.000000) 3 79 40 493 
5 (0.000000,0.000000) 3 133 267 62 
414 (0.000000,0.000000) 3 144 267 82 
195 (0.000000,0.000000) 3 479 244 11 
232 (0.000000,0.000000) 3 327 272 403 
242 (0.000000,0.000000) 3 296 320 269 
272 (0.000000,0.000000) 3 15 244 232 
282 (0.000000,0.000000) 3 313 10 3 
64 (0.000000,0.000000) 3 494 429 152 
366 (0.000000,0.000000) 3 357 212 438 
398 (0.000000,0.000000) 3 153 472 422 
497 (0.000000,0.000000) 3 92 431 192 
343 (0.000000,0.000000) 3 364 178 196 
172 (0.000000,0.000000) 3 486 341 287 
85 (0.000000,0.000000) 3 410 458 256 
422 (0.000000,0.000000) 3 474 398 400 
97 (0.000000,0.000000) 3 302 8 173 
18 (0.000000,0.000000) 3 42 237 90 
434 (0.000000,0.000000) 3 294 168 400 
227 (0.000000,0.000000) 3 43 63 453 
92 (0.000000,0.000000) 3 199 399 497 
411 (0.000000,0.000000) 3 360 153 88 
120 (0.000000,0.000000) 3 294 300 27 
288 (0.000000,0.000000) 3 406 151 57 
237 (0.000000,0.000000) 3 494 18 463 
336 (0.000000,0.000000) 3 103 384 99 
103 (0.000000,0.000000) 3 418 149 336 
457 (0.000000,0.000000) 3 498 14 10 
472 (0.000000,0.000000) 3 74 387 398 
257 (0.000000,0.000000) 3 450 108 2 
429 (0.000000,0.000000) 3 124 64 347 
349 (0.000000,0.000000) 3 190 83 397 
241 (0.000000,0.000000) 3 479 439 118 
71 (0.000000,0.000000) 3 304 134 157 
487 (0.000000,0.000000) 3 389 354 230 
50 (0.000000,0.000000) 3 77 346 347 
294 (0.000000,0.000000) 3 279 120 434 
24 (0.000000,0.000000) 3 436 364 22 
22 (0.000000,0.000000) 3 149 482 24 
150 (0.000000,0.000000) 3 408 443 469 
94 (0.000000,0.000000) 3 40 314 99 
83 (0.000000,0.000000) 3 223 349 88 
371 (0.000000,0.000000) 3 129 315 372 
324 (0.000000,0.000000) 3 79 228 469 
493 (0.000000,0.000000) 3 453 93 342 
210 (0.000000,0.000000) 3 394 306 153 
355 (0.000000,0.000000) 3 26 133 180 
450 (0.000000,0.000000) 3 300 257 173 
492 (0.000000,0.000000) 3 63 82 320 
65 (0.000000,0.000000) 3 159 198 138 
302 (0.000000,0.000000) 3 361 163 97 
143 (0.000000,0.000000) 3 404 110 3 
63 (0.000000,0.000000) 3 55 492 227 
58 (0.000000,0.000000) 3 482 190 384 
474 (0.000000,0.000000) 3 467 167 422 
410 (0.000000,0.000000) 3 499 190 85 
372 (0.000000,0.000000) 3 144 371 248 
309 (0.000000,0.000000) 3 385 246 187 
281 (0.000000,0.000000) 3 360 124 126 
312 (0.000000,0.000000) 3 234 458 60 
101 (0.000000,0.000000) 3 113 399 364 
391 (0.000000,0.000000) 3 1 121 147 
139 (0.000000,0.000000) 3 34 384 138 
219 (0.000000,0.000000) 3 167 403 233 
486 (0.000000,0.000000) 3 234 172 102 
42 (0.000000,0.000000) 3 108 295 18 
451 (0.000000,0.000000) 3 394 345 277 
74 (0.000000,0.000000) 3 136 472 106 
491 (0.000000,0.000000) 3 30 345 258 
306 (0.000000,0.000000) 3 171 4 210 
436 (0.000000,0.000000) 3 412 431 24 
134 (0.000000,0.000000) 3 14 71 173 
467 (0.000000,0.000000) 3 412 474 296 
205 (0.000000,0.000000) 3 27 111 362 
171 (0.000000,0.000000) 3 327 381 306 
76 (0.000000,0.000000) 3 466 53 88 
15 (0.000000,0.000000) 3 77 272 170 
17 (0.000000,0.000000) 3 121 381 357 
136 (0.000000,0.000000) 3 348 74 35 
418 (0.000000,0.000000) 3 466 103 284 
374 (0.000000,0.000000) 3 396 244 488 
453 (0.000000,0.000000) 3 151 493 227 
1 (0.000000,0.000000) 3 413 391 256 
67 (0.000000,0.000000) 3 314 180 35 
279 (0.000000,0.000000) 3 294 463 483 
500 (0.000000,0.000000) 3 433 43 117 
304 (0.000000,0.000000) 3 199 71 484 
475 (0.000000,0.000000) 3 228 327 191 
159 (0.000000,0.000000) 3 43 341 65 
151 (0.000000,0.000000) 3 165 453 288 
361 (0.000000,0.000000) 3 30 302 106 
110 (0.000000,0.000000) 3 348 143 339 
364 (0.000000,0.000000) 3 101 24 343 
494 (0.000000,0.000000) 3 406 237 64 
327 (0.000000,0.000000) 3 475 171 232 
77 (0.000000,0.000000) 3 15 50 277 
27 (0.000000,0.000000) 3 205 120 28 
113 (0.000000,0.000000) 3 101 400 187 
176 (0.000000,0.000000) 3 4 206 389 
157 (0.000000,0.000000) 3 165 71 285 
79 (0.000000,0.000000) 3 324 93 90 
124 (0.000000,0.000000) 3 393 281 429 
261 (0.000000,0.000000) 3 31 111 230 
443 (0.000000,0.000000) 3 150 397 362 
385 (0.000000,0.000000) 3 309 397 118 
479 (0.000000,0.000000) 3 105 241 195 
206 (0.000000,0.000000) 3 11 36 176 
14 (0.000000,0.000000) 3 408 134 457 
359 (0.000000,0.000000) 3 61 163 258 
496 (0.000000,0.000000) 3 66 233 35 
244 (0.000000,0.000000) 3 374 272 195 
287 (0.000000,0.000000) 3 172 170 96 
466 (0.000000,0.000000) 3 418 76 96 
105 (0.000000,0.000000) 3 479 342 230 
163 (0.000000,0.000000) 3 271 359 302 
254 (0.000000,0.000000) 3 2 53 3 
121 (0.000000,0.000000) 3 341 17 391 
439 (0.000000,0.000000) 3 212 396 241 
66 (0.000000,0.000000) 3 360 496 483 
412 (0.000000,0.000000) 3 84 467 436 
396 (0.000000,0.000000) 3 387 439 374 
165 (0.000000,0.000000) 3 157 151 90 
228 (0.000000,0.000000) 3 167 475 324 
4 (0.000000,0.000000) 3 176 306 297 
495 (0.000000,0.000000) 3 461 488 447 
394 (0.000000,0.000000) 3 451 210 99 
40 (0.000000,0.000000) 3 433 94 93 
26 (0.000000,0.000000) 3 433 355 347 
498 (0.000000,0.000000) 3 280 406 457 
36 (0.000000,0.000000) 3 57 206 96 
433 (0.000000,0.000000) 3 26 40 500 
293 (0.000000,0.000000) 3 499 212 117 
357 (0.000000,0.000000) 3 8 17 366 
499 (0.000000,0.000000) 3 293 410 463 
31 (0.000000,0.000000) 3 149 261 297 
34 (0.000000,0.000000) 3 139 375 447 
114 (0.000000,0.000000) 3 339 180 375 
381 (0.000000,0.000000) 3 17 171 483 
389 (0.000000,0.000000) 3 176 487 37 
341 (0.000000,0.000000) 3 121 159 172 
468 (0.000000,0.000000) 3 413 346 60 
8 (0.000000,0.000000) 3 295 357 97 
404 (0.000000,0.000000) 3 395 143 138 
482 (0.000000,0.000000) 3 196 58 22 
168 (0.000000,0.000000) 3 395 434 269 
2 (0.000000,0.000000) 3 431 254 257 
300 (0.000000,0.000000) 3 450 120 28 
199 (0.000000,0.000000) 3 304 92 285 
57 (0.000000,0.000000) 3 36 288 469 
153 (0.000000,0.000000) 3 210 411 398 
178 (0.000000,0.000000) 3 61 343 248 
413 (0.000000,0.000000) 3 84 468 1 
348 (0.000000,0.000000) 3 315 110 136 
345 (0.000000,0.000000) 3 491 451 362 
271 (0.000000,0.000000) 3 163 484 284 
393 (0.000000,0.000000) 3 234 124 191 
190 (0.000000,0.000000) 3 410 58 349 
147 (0.000000,0.000000) 3 53 391 102 
212 (0.000000,0.000000) 3 293 439 366 
61 (0.000000,0.000000) 3 178 359 256 
431 (0.000000,0.000000) 3 2 436 497 
43 (0.000000,0.000000) 3 159 500 227 
133 (0.000000,0.000000) 3 355 5 342 
11 (0.000000,0.000000) 3 55 206 195 
408 (0.000000,0.000000) 3 14 150 102 
315 (0.000000,0.000000) 3 348 371 354 
144 (0.000000,0.000000) 3 372 414 10 
53 (0.000000,0.000000) 3 147 254 76 
346 (0.000000,0.000000) 3 468 50 438 
55 (0.000000,0.000000) 3 11 63 187 
395 (0.000000,0.000000) 3 192 168 404 
167 (0.000000,0.000000) 3 228 219 474 
406 (0.000000,0.000000) 3 498 494 288 
267 (0.000000,0.000000) 3 399 414 5 
192 (0.000000,0.000000) 3 395 497 320 
223 (0.000000,0.000000) 3 83 28 354 
108 (0.000000,0.000000) 3 42 257 447 
196 (0.000000,0.000000) 3 482 343 313 
458 (0.000000,0.000000) 3 278 312 85 
280 (0.000000,0.000000) 3 295 498 297 
30 (0.000000,0.000000) 3 361 491 106 
387 (0.000000,0.000000) 3 403 396 472 
234 (0.000000,0.000000) 3 393 486 312 
399 (0.000000,0.000000) 3 267 101 92 
84 (0.000000,0.000000) 3 413 412 269 
360 (0.000000,0.000000) 3 66 281 411 
278 (0.000000,0.000000) 3 458 258 117 
198 (0.000000,0.000000) 3 65 111 193 
149 (0.000000,0.000000) 3 31 22 103 
295 (0.000000,0.000000) 3 280 8 42 
403 (0.000000,0.000000) 3 387 219 232 
129 (0.000000,0.000000) 3 371 233 193 
