54 (0.000000,0.000000) 3 44 7 38 
15 (0.000000,0.000000) 3 69 16 40 
28 (0.000000,0.000000) 3 37 8 83 
3 (0.000000,0.000000) 3 41 68 65 
32 (0.000000,0.000000) 3 29 51 20 
86 (0.000000,0.000000) 3 74 8 6 
31 (0.000000,0.000000) 3 4 8 60 
12 (0.000000,0.000000) 3 37 79 81 
68 (0.000000,0.000000) 3 25 7 3 
51 (0.000000,0.000000) 3 30 16 32 
8 (0.000000,0.000000) 3 31 86 28 
40 (0.000000,0.000000) 3 33 82 15 
30 (0.000000,0.000000) 3 29 76 51 
17 (0.000000,0.000000) 3 29 27 24 
80 (0.000000,0.000000) 3 60 45 56 
4 (0.000000,0.000000) 3 47 21 31 
100 (0.000000,0.000000) 3 47 38 74 
91 (0.000000,0.000000) 3 33 44 83 
41 (0.000000,0.000000) 3 62 16 3 
27 (0.000000,0.000000) 3 70 82 17 
33 (0.000000,0.000000) 3 38 91 40 
83 (0.000000,0.000000) 3 56 91 28 
65 (0.000000,0.000000) 3 52 39 3 
16 (0.000000,0.000000) 3 41 51 15 
62 (0.000000,0.000000) 3 79 39 41 
74 (0.000000,0.000000) 3 52 100 86 
76 (0.000000,0.000000) 3 69 24 30 
39 (0.000000,0.000000) 3 45 62 65 
24 (0.000000,0.000000) 3 43 76 17 
44 (0.000000,0.000000) 3 45 91 54 
38 (0.000000,0.000000) 3 33 100 54 
69 (0.000000,0.000000) 3 64 76 15 
47 (0.000000,0.000000) 3 64 100 4 
70 (0.000000,0.000000) 3 20 6 27 
6 (0.000000,0.000000) 3 25 70 86 
29 (0.000000,0.000000) 3 17 30 32 
81 (0.000000,0.000000) 3 64 7 12 
25 (0.000000,0.000000) 3 79 6 68 
79 (0.000000,0.000000) 3 25 62 12 
64 (0.000000,0.000000) 3 81 47 69 
60 (0.000000,0.000000) 3 56 80 31 
43 (0.000000,0.000000) 3 21 37 24 
56 (0.000000,0.000000) 3 60 83 80 
37 (0.000000,0.000000) 3 43 12 28 
21 (0.000000,0.000000) 3 20 43 4 
52 (0.000000,0.000000) 3 82 74 65 
82 (0.000000,0.000000) 3 52 27 40 
7 (0.000000,0.000000) 3 81 68 54 
20 (0.000000,0.000000) 3 21 70 32 
45 (0.000000,0.000000) 3 44 39 80 
42 (0.000000,0.000000) 3 96 87 97 
73 (0.000000,0.000000) 3 55 61 66 
85 (0.000000,0.000000) 3 90 18 67 
95 (0.000000,0.000000) 3 11 67 48 
2 (0.000000,0.000000) 3 57 63 35 
13 (0.000000,0.000000) 3 78 14 98 
90 (0.000000,0.000000) 3 96 5 85 
22 (0.000000,0.000000) 3 72 26 63 
71 (0.000000,0.000000) 3 53 94 87 
94 (0.000000,0.000000) 3 92 10 71 
53 (0.000000,0.000000) 3 88 57 71 
9 (0.000000,0.000000) 3 97 14 19 
72 (0.000000,0.000000) 3 59 66 22 
63 (0.000000,0.000000) 3 36 22 2 
88 (0.000000,0.000000) 3 99 93 53 
46 (0.000000,0.000000) 3 99 1 50 
87 (0.000000,0.000000) 3 50 71 42 
19 (0.000000,0.000000) 3 89 49 9 
58 (0.000000,0.000000) 3 93 67 59 
67 (0.000000,0.000000) 3 58 95 85 
78 (0.000000,0.000000) 3 26 96 13 
5 (0.000000,0.000000) 3 89 66 90 
18 (0.000000,0.000000) 3 59 92 85 
92 (0.000000,0.000000) 3 77 18 94 
36 (0.000000,0.000000) 3 84 89 63 
55 (0.000000,0.000000) 3 98 26 73 
26 (0.000000,0.000000) 3 55 78 22 
89 (0.000000,0.000000) 3 36 5 19 
49 (0.000000,0.000000) 3 11 75 19 
1 (0.000000,0.000000) 3 34 61 46 
23 (0.000000,0.000000) 3 77 93 48 
48 (0.000000,0.000000) 3 50 23 95 
77 (0.000000,0.000000) 3 75 23 92 
35 (0.000000,0.000000) 3 97 84 2 
75 (0.000000,0.000000) 3 10 77 49 
99 (0.000000,0.000000) 3 34 46 88 
11 (0.000000,0.000000) 3 61 49 95 
98 (0.000000,0.000000) 3 34 55 13 
97 (0.000000,0.000000) 3 35 9 42 
59 (0.000000,0.000000) 3 18 58 72 
61 (0.000000,0.000000) 3 11 1 73 
50 (0.000000,0.000000) 3 48 87 46 
66 (0.000000,0.000000) 3 5 72 73 
14 (0.000000,0.000000) 3 57 9 13 
34 (0.000000,0.000000) 3 98 99 1 
10 (0.000000,0.000000) 3 84 75 94 
84 (0.000000,0.000000) 3 10 35 36 
93 (0.000000,0.000000) 3 23 58 88 
96 (0.000000,0.000000) 3 78 90 42 
57 (0.000000,0.000000) 3 14 53 2 
